Model: rim
Root_length: 428
R_I: 0.03259388266419129
R_D: 0.06105425906804866
A_I: 1.1767510196766846
A_D: 1.0340833676318528
SEED: 711842