Model: rim
Root_length: 347
R_I: 0.02509009814436474
R_D: 0.011086757690686427
A_I: 1.4910843589244545
A_D: 1.0226174021714893
SEED: 514569