Model: rim
Root_length: 170
R_I: 0.003226261364858495
R_D: 0.027729511841373518
A_I: 1.1696338913488438
A_D: 1.3515179681927871
SEED: 305026