Model: sim
R_ID: 0.004724470053610954
A_ID: 2.223154162664898
SEED: 56860