Model: rim
Root_length: 137
R_I: 0.000963470611040644
R_D: 0.0014951604060508441
A_I: 2.6036552503079604
A_D: 1.1296125004230744
SEED: 778823