Model: sim
Root_length: 241
R_ID: 0.06936637053965701
A_ID: 1.2705016441938481
SEED: 989684