Model: sim
Root_length: 439
R_ID: 0.034297337822040606
A_ID: 1.9007726383381303
SEED: 229770