Model: RIM
Root_length: 402
R_I: 0.006041891490140224
R_D: 0.014912921236383835
A_I: 1.5003914630460635
A_D: 1.4676247364039097