Model: rim
Root_length: 405
R_I: 0.012328457118700849
R_D: 0.019686484533179303
A_I: 1.522343832982871
A_D: 1.236631421193228
SEED: 445718