Model: RIM
Root_length: 526
R_I: 0.0185834639199388
R_D: 0.004170139973314646
A_I: 1.7754601830806813
A_D: 1.5169775147501974