Model: rim
Root_length: 627
R_I: 0.009375285144266735
R_D: 0.006214077894838453
A_I: 1.9146646837266612
A_D: 1.6871752644027702
SEED: 976496