Model: rim
Root_length: 627
R_I: 0.01875057028853347
R_D: 0.012428155789676905
A_I: 1.9146646837266612
A_D: 1.6871752644027702
SEED: 976496