Model: SIM
Root_length: 112
R_ID: 0.0032443644033519846
A_ID: 1.5710535871063211