Model: rim
Root_length: 111
R_I: 0.0019567581332680904
R_D: 0.005501723286587532
A_I: 1.3651171970925011
A_D: 1.8582205467208337
SEED: 44719