Model: SIM
Root_length: 169
R_ID: 0.03107752613279916
A_ID: 1.6759524142027424