Model: rim
Root_length: 668
R_I: 0.07242405123444769
R_D: 0.01949717779265636
A_I: 1.7799554092889132
A_D: 1.4897391712996768
SEED: 221081