Model: rim
Root_length: 668
R_I: 0.03621202561722384
R_D: 0.00974858889632818
A_I: 1.7799554092889132
A_D: 1.4897391712996768
SEED: 221081