Model: rim
Root_length: 217
R_I: 0.015304035796638608
R_D: 0.006708989866225004
A_I: 1.81125304981974
A_D: 1.3582533087767774
SEED: 475625