Model: sim
Root_length: 172
R_ID: 0.012045416350711114
A_ID: 1.6330945299441308
SEED: 50584