Model: sim
Root_length: 205
R_ID: 0.02496836932788
A_ID: 1.7072138909634202
SEED: 692914