Model: sim
Root_length: 947
R_ID: 0.005419905603589542
A_ID: 1.2336024758420605
SEED: 143045