Model: sim
Root_length: 877
R_ID: 0.0026974648675407056
A_ID: 1.0324903500315838
SEED: 222