Model: sim
Root_length: 877
R_ID: 0.005394929735081411
A_ID: 1.0324903500315838
SEED: 222