Model: sim
R_ID: 0.054411313045624424
A_ID: 1.4151430946787826
SEED: 607831