Model: rim
Root_length: 217
R_I: 0.005280162148332343
R_D: 0.002314719778227859
A_I: 2.458293954965926
A_D: 1.664551854437981
SEED: 475625