Model: sim
Root_length: 396
R_ID: 0.02450284393267785
A_ID: 1.343207921374717
SEED: 529784