Model: sim
Root_length: 410
R_ID: 0.016932072170613176
A_ID: 2.3642554321757876
SEED: 739406