Model: RIM
Root_length: 423
R_I: 0.01646304366683976
R_D: 0.00486475148442334
A_I: 1.5450671056039575
A_D: 1.440156018143067