Model: sim
Root_length: 983
R_ID: 0.034693734080477434
A_ID: 1.3908748390601475
SEED: 314653