Model: sim
Root_length: 450
R_ID: 0.004613514316546175
A_ID: 1.7604159876774679
SEED: 760675