Model: sim
Root_length: 464
R_ID: 0.01617752939302373
A_ID: 1.0925371118394227
SEED: 711956