Model: sim
Root_length: 928
R_ID: 0.03250372058571415
A_ID: 1.3383877154013568
SEED: 820989