Model: sim
Root_length: 464
R_ID: 0.03235505878604746
A_ID: 1.0925371118394227
SEED: 711956