Model: SIM
Root_length: 288
R_ID: 0.012013801394439545
A_ID: 1.5969843227058689