Model: rim
Root_length: 807
R_I: 0.01519105156187273
R_D: 0.019965364982770517
A_I: 1.332789434046913
A_D: 1.9427979780736244
SEED: 171513