Model: sim
Root_length: 139
R_ID: 0.042861244300622006
A_ID: 1.8964497054268428
SEED: 522507