Model: rim
Root_length: 495
R_I: 0.004320628479955013
R_D: 0.0011785808949212842
A_I: 2.1615780887645886
A_D: 2.0843430151030162
SEED: 138597