Model: sim
R_ID: 0.040914327080586295
A_ID: 1.8877782972254677
SEED: 108354