Model: rim
Root_length: 336
R_I: 0.008502544092962019
R_D: 0.0014115976520816976
A_I: 2.372102239830321
A_D: 1.7359946227869005
SEED: 315301