Model: rim
Root_length: 308
R_I: 0.0025400844749974413
R_D: 0.004619712018157338
A_I: 2.380989315083801
A_D: 1.0424262696847744
SEED: 742043