Model: sim
Root_length: 83
R_ID: 0.02539940846616874
A_ID: 1.6431143487327748
SEED: 741288