Model: sim
Root_length: 183
R_ID: 0.01610872081001145
A_ID: 1.0883538238139292
SEED: 531824