Model: SIM
Root_length: 335
R_ID: 0.03398391472849304
A_ID: 1.6295934465378863