Model: sim
Root_length: 353
R_ID: 0.048745850930458114
A_ID: 1.428370577416149
SEED: 272144