Model: RIM
Root_length: 271
R_I: 0.00543749155022543
R_D: 0.020284856645486276
A_I: 1.5829946020998111
A_D: 1.6142969443871087