Model: rim
Root_length: 606
R_I: 0.013402241859018843
R_D: 0.010468373933705631
A_I: 1.2927765033537513
A_D: 1.283442201489565
SEED: 923765