Model: rim
Root_length: 384
R_I: 0.06402142719318163
R_D: 0.007280504592031825
A_I: 1.5975481221731205
A_D: 1.9201565889303858
SEED: 126651