Model: rim
Root_length: 384
R_I: 0.032010713596590815
R_D: 0.0036402522960159124
A_I: 1.5975481221731205
A_D: 1.9201565889303858
SEED: 126651