Model: rim
Root_length: 199
R_I: 0.0021280419293602847
R_D: 0.014544568438886995
A_I: 1.1857019248743665
A_D: 1.380602762815753
SEED: 528310