Model: rim
Root_length: 232
R_I: 0.005012610244591391
R_D: 0.0008473353515189033
A_I: 1.617873542992489
A_D: 1.2150973965290768
SEED: 157050