Model: rim
Root_length: 232
R_I: 0.010025220489182782
R_D: 0.0016946707030378067
A_I: 1.617873542992489
A_D: 1.2150973965290768
SEED: 157050