Model: sim
Root_length: 394
R_ID: 0.005819438688703308
A_ID: 1.8730772844662495
SEED: 933905