Model: sim
Root_length: 394
R_ID: 0.011638877377406615
A_ID: 1.8730772844662495
SEED: 933905