Model: sim
Root_length: 454
R_ID: 0.018716432550876756
A_ID: 1.5766591023995153
SEED: 113082