Model: sim
Root_length: 454
R_ID: 0.03743286510175351
A_ID: 1.5766591023995153
SEED: 113082