Model: sim
Root_length: 550
R_ID: 0.02560567231132696
A_ID: 1.2492233747961217
SEED: 561125