Model: SIM
Root_length: 118
R_ID: 0.028738634803143526
A_ID: 1.5592530388257362