Model: rim
Root_length: 115
R_I: 0.02863651556824372
R_D: 0.0033645537269535483
A_I: 1.523579680113599
A_D: 1.7293457537521348
SEED: 23370