Model: rim
Root_length: 635
R_I: 0.019660204706846932
R_D: 0.00451721369611369
A_I: 1.3551453139223617
A_D: 1.3250467966238206
SEED: 59560