Model: sim
Root_length: 142
R_ID: 0.0015962809882347838
A_ID: 2.5206570628382243
SEED: 881583