Model: sim
Root_length: 282
R_ID: 0.004310358619240634
A_ID: 1.2912714045516323
SEED: 642229