Model: rim
Root_length: 279
R_I: 0.0012944488864459214
R_D: 0.0004078366579995654
A_I: 1.9550614654126615
A_D: 2.126633993797207
SEED: 178589