Model: rim
R_I: 0.0033033871854070028
R_D: 0.007788153339647735
A_I: 1.457958125531221
A_D: 1.4028704416509046
SEED: 496693