Model: sim
Root_length: 731
R_ID: 0.013524695502081
A_ID: 1.4077471451863002
SEED: 615148