Model: sim
Root_length: 731
R_ID: 0.027049391004162
A_ID: 1.4077471451863002
SEED: 615148