Model: sim
Root_length: 249
R_ID: 0.018481514871569068
A_ID: 1.3959441070020844
SEED: 424462