Model: sim
Root_length: 956
R_ID: 0.012241782153971087
A_ID: 1.0842244806564152
SEED: 791401