Model: sim
Root_length: 956
R_ID: 0.006120891076985544
A_ID: 1.0842244806564152
SEED: 791401