Model: sim
Root_length: 828
R_ID: 0.009922757559181134
A_ID: 1.493281921572339
SEED: 61708