Model: sim
Root_length: 748
R_ID: 0.014949394535694122
A_ID: 1.687671007043113
SEED: 321872