Model: sim
Root_length: 438
R_ID: 0.03159901966058674
A_ID: 1.087922430995899
SEED: 813939