Model: sim
R_ID: 0.026174798608238865
A_ID: 1.1092507497405113
SEED: 486160