Model: rim
Root_length: 145
R_I: 0.002547325831421583
R_D: 0.0017777342754528476
A_I: 2.442389599348963
A_D: 1.7675959511267765
SEED: 228974