Model: rim
Root_length: 347
R_I: 0.00039093564880806177
R_D: 0.0019356353552825627
A_I: 1.8378175835672061
A_D: 1.4920810592822658
SEED: 588425