Model: rim
Root_length: 518
R_I: 0.001647350401244275
R_D: 0.0005795469520946986
A_I: 1.396705590664224
A_D: 2.4156646923029914
SEED: 161423