Model: SIM
Root_length: 368
R_ID: 0.027319208990622103
A_ID: 1.2079847891587514