Model: rim
Root_length: 193
R_I: 0.008902211553594552
R_D: 0.07715556277396829
A_I: 1.6388745459632288
A_D: 1.5622041016391446
SEED: 96842