Model: rim
Root_length: 193
R_I: 0.004451105776797276
R_D: 0.038577781386984145
A_I: 1.6388745459632288
A_D: 1.5622041016391446
SEED: 96842