Model: sim
Root_length: 913
R_ID: 0.020166778849224295
A_ID: 1.6921182333589722
SEED: 280159