Model: sim
Root_length: 913
R_ID: 0.04033355769844859
A_ID: 1.6921182333589722
SEED: 280159