Model: SIM
Root_length: 127
R_ID: 0.027522211111602215
A_ID: 1.4837453679409323