Model: sim
Root_length: 135
R_ID: 0.033546351037242704
A_ID: 1.4083747658298473
SEED: 684531