Model: SIM
Root_length: 355
R_ID: 0.02977693451818714
A_ID: 1.6693295601501368