Model: sim
Root_length: 378
R_ID: 0.034507986660508444
A_ID: 1.7618759005805402
SEED: 589077