Model: sim
Root_length: 344
R_ID: 0.03414107587834367
A_ID: 1.3637670115818552
SEED: 709121