Model: rim
Root_length: 132
R_I: 0.007632849931785017
R_D: 0.010228395695098662
A_I: 1.8561714492043961
A_D: 1.8466783935684812
SEED: 219322