Model: RIM
Root_length: 122
R_I: 0.004224784999936125
R_D: 0.008888050416699296
A_I: 1.4845564385108652
A_D: 1.3138931097719404