Model: rim
Root_length: 1045
R_I: 0.01565042274122567
R_D: 0.028511681441200004
A_I: 1.035304468053099
A_D: 1.220951224613623
SEED: 616034