Model: rim
Root_length: 1045
R_I: 0.03130084548245134
R_D: 0.05702336288240001
A_I: 1.035304468053099
A_D: 1.220951224613623
SEED: 616034