Model: rim
Root_length: 425
R_I: 0.06583929635077831
R_D: 0.00745546134779742
A_I: 1.7608534543117036
A_D: 1.980713343083599
SEED: 611224