Model: rim
Root_length: 1075
R_I: 0.025433447392460673
R_D: 0.015926334901399393
A_I: 1.4379456544475884
A_D: 1.6856952596098156
SEED: 297961