Model: rim
Root_length: 1075
R_I: 0.050866894784921346
R_D: 0.031852669802798786
A_I: 1.4379456544475884
A_D: 1.6856952596098156
SEED: 297961