Model: rim
Root_length: 268
R_I: 0.01749901905363585
R_D: 0.0020862394912588623
A_I: 1.9662812816838757
A_D: 1.1530624902056887
SEED: 98310