Model: sim
Root_length: 137
R_ID: 0.04704060399753686
A_ID: 1.283947832752217
SEED: 21874