Model: sim
Root_length: 137
R_ID: 0.02352030199876843
A_ID: 1.283947832752217
SEED: 21874