Model: RIM
Root_length: 164
R_I: 0.0038119130308482204
R_D: 0.011679747334330233
A_I: 1.4923611647348247
A_D: 1.646322093317728