Model: rim
Root_length: 466
R_I: 0.007473944215339354
R_D: 0.024756123636119093
A_I: 1.3738406479280654
A_D: 1.2484874332480231
SEED: 117645