Model: rim
Root_length: 466
R_I: 0.003736972107669677
R_D: 0.012378061818059546
A_I: 1.3738406479280654
A_D: 1.2484874332480231
SEED: 117645