Model: RIM
Root_length: 430
R_I: 0.01957569803932717
R_D: 0.005248004752922682
A_I: 1.6440801766906015
A_D: 1.5229939752407864