Model: rim
Root_length: 435
R_I: 0.015229407778956424
R_D: 0.0029797874854142416
A_I: 1.8408754742080577
A_D: 1.4136785854109564
SEED: 415616