Model: RIM
Root_length: 168
R_I: 0.0037028604178293294
R_D: 0.006205667145499766
A_I: 1.5788999493874325
A_D: 1.466763586595253