Model: rim
Root_length: 929
R_I: 0.019825943838981334
R_D: 0.05282442052913539
A_I: 1.8772992343484403
A_D: 1.5997393439775205
SEED: 322437