Model: sim
Root_length: 452
R_ID: 0.022647397873821314
A_ID: 2.076224326109518
SEED: 584980