Model: rim
R_I: 0.0008922581449320539
R_D: 0.0012286045417966836
A_I: 2.1006544079757257
A_D: 2.065186909676319
SEED: 24294