Model: sim
Root_length: 202
R_ID: 0.005946228627216215
A_ID: 2.1346931064286885
SEED: 821061