Model: sim
Root_length: 489
R_ID: 0.04946163365787657
A_ID: 2.2581822252039214
SEED: 146140