Model: sim
Root_length: 326
R_ID: 0.045242309155347354
A_ID: 1.8813040048691607
SEED: 746871