Model: SIM
Root_length: 202
R_ID: 0.03679714742134791
A_ID: 1.6496119062695687