Model: rim
Root_length: 650
R_I: 0.00575392441994893
R_D: 0.013282631585875882
A_I: 1.094451644827402
A_D: 1.7772427050228377
SEED: 926033