Model: rim
Root_length: 662
R_I: 0.014458620950347476
R_D: 0.02150922944770631
A_I: 1.9631477365439358
A_D: 1.1853724295643326
SEED: 937767