Model: rim
Root_length: 662
R_I: 0.028917241900694952
R_D: 0.04301845889541262
A_I: 1.9631477365439358
A_D: 1.1853724295643326
SEED: 937767