Model: rim
Root_length: 1037
R_I: 0.0011483802033563648
R_D: 0.0025827286609409745
A_I: 1.7619791549077342
A_D: 1.1933248764402093
SEED: 221945