Model: rim
Root_length: 1067
R_I: 0.004304319887251495
R_D: 0.001985573772186
A_I: 1.5088037406662433
A_D: 1.967019092082757
SEED: 930568