Model: sim
Root_length: 527
R_ID: 0.043055834036026044
A_ID: 1.7521202199732389
SEED: 776899