Model: sim
Root_length: 451
R_ID: 0.010488519823120119
A_ID: 1.9785410784137905
SEED: 43052