Model: RIM
Root_length: 185
R_I: 0.007456285064253974
R_D: 0.024316508364824505
A_I: 1.445255126014135
A_D: 1.5863776240314005