Model: rim
Root_length: 214
R_I: 0.003973709391939011
R_D: 0.0346858135085732
A_I: 1.0397074164956626
A_D: 1.6927879490454192
SEED: 445414