Model: rim
Root_length: 250
R_I: 0.0361203307905707
R_D: 0.04237276509694715
A_I: 1.5001107070153827
A_D: 1.6473177542386719
SEED: 373195