Model: rim
Root_length: 250
R_I: 0.01806016539528535
R_D: 0.021186382548473576
A_I: 1.5001107070153827
A_D: 1.6473177542386719
SEED: 373195