Model: sim
Root_length: 167
R_ID: 0.0015246194506959398
A_ID: 2.762669736432394
SEED: 466206