Model: rim
R_I: 0.0003078860188223157
R_D: 0.0017241285635244388
A_I: 2.625306072873836
A_D: 2.004983209863901
SEED: 3406