Model: rim
Root_length: 334
R_I: 0.010820033636251707
R_D: 0.0048695498553368785
A_I: 2.740226153484971
A_D: 1.1492374888179677
SEED: 823491