Model: sim
Root_length: 94
R_ID: 0.005247188169084935
A_ID: 2.2371081520107854
SEED: 754841