Model: rim
Root_length: 495
R_I: 0.011576212579069066
R_D: 0.0017452123229983211
A_I: 1.6783517110803006
A_D: 1.6899634945570239
SEED: 830390