Model: rim
Root_length: 495
R_I: 0.023152425158138132
R_D: 0.0034904246459966422
A_I: 1.6783517110803006
A_D: 1.6899634945570239
SEED: 830390