Model: rim
Root_length: 1009
R_I: 0.0025487782233851006
R_D: 0.0031913670301861995
A_I: 1.7809988459634267
A_D: 1.0330842323121587
SEED: 789202