Model: sim
Root_length: 318
R_ID: 0.04817539262808868
A_ID: 1.1910287651046425
SEED: 755950