Model: sim
Root_length: 339
R_ID: 0.0007127564492842603
A_ID: 1.2467450347624351
SEED: 78725