Model: RIM
Root_length: 282
R_I: 0.0018405990760356624
R_D: 0.004046335580990212
A_I: 1.5208612357296514
A_D: 1.4366320022397463