Model: rim
Root_length: 289
R_I: 0.0008997643585677577
R_D: 0.0009692122174487102
A_I: 1.26424180568277
A_D: 1.2114111894239457
SEED: 40335