Model: RIM
Root_length: 584
R_I: 0.03020861324438073
R_D: 0.006928914039233925
A_I: 1.607361545659075
A_D: 1.5034129992969718