Model: rim
Root_length: 284
R_I: 0.032042961763742224
R_D: 0.007162837175356393
A_I: 1.0774263489816147
A_D: 1.2772601047699919
SEED: 419310