Model: rim
Root_length: 284
R_I: 0.06408592352748445
R_D: 0.014325674350712785
A_I: 1.0774263489816147
A_D: 1.2772601047699919
SEED: 419310