Model: rim
Root_length: 143
R_I: 0.005152533428864547
R_D: 0.002016463336562454
A_I: 2.6008930148025105
A_D: 1.2504124656486582
SEED: 72899