Model: sim
Root_length: 440
R_ID: 0.08120443220698155
A_ID: 1.7697319917224745
SEED: 222487