Model: rim
R_I: 0.02749574576245535
R_D: 0.010562448888678974
A_I: 2.2280880636733005
A_D: 2.593531264397999
SEED: 783432