Model: sim
Root_length: 438
R_ID: 0.018363725250184686
A_ID: 1.1908805047075457
SEED: 813939