Model: sim
Root_length: 338
R_ID: 0.017454445905958762
A_ID: 1.6961885720490302
SEED: 656593