Model: sim
Root_length: 780
R_ID: 0.03990596228091785
A_ID: 1.4896607915819136
SEED: 777587