Model: sim
Root_length: 780
R_ID: 0.019952981140458924
A_ID: 1.4896607915819136
SEED: 777587