Model: sim
Root_length: 540
R_ID: 0.0010846208465099922
A_ID: 2.423570268587638
SEED: 461203