Model: rim
Root_length: 277
R_I: 0.007951567899477777
R_D: 0.07731533095514263
A_I: 1.911054129266052
A_D: 2.3685044786458396
SEED: 946939