Model: rim
Root_length: 541
R_I: 0.00945076612525895
R_D: 0.005308867136216812
A_I: 2.0288517472187864
A_D: 1.0726033234198251
SEED: 677910