Model: rim
R_I: 0.01798798976906854
R_D: 0.008373963283501847
A_I: 1.5227339137727811
A_D: 1.9783147171302118
SEED: 384801