Model: sim
Root_length: 249
R_ID: 0.003164743722350274
A_ID: 1.7140427356003822
SEED: 184485