Model: rim
Root_length: 308
R_I: 0.0005279559825318699
R_D: 0.0006799181085276768
A_I: 1.9046625675944695
A_D: 1.9435624591527763
SEED: 766571