Model: rim
Root_length: 142
R_I: 0.003285906008031428
R_D: 0.022521463753536402
A_I: 1.3613067847189912
A_D: 1.23825191087893
SEED: 461214