Model: sim
R_ID: 0.008596675192481053
A_ID: 1.0650591790321093
SEED: 80105