Model: RIM
Root_length: 472
R_I: 0.006683600221191257
R_D: 0.0048252197056942725
A_I: 1.5686775851251449
A_D: 1.5063770405332715