Model: rim
Root_length: 673
R_I: 0.03659922688890184
R_D: 0.013036161250531628
A_I: 1.1490153265507774
A_D: 1.7090003423300253
SEED: 13108