Model: rim
Root_length: 673
R_I: 0.07319845377780368
R_D: 0.026072322501063255
A_I: 1.1490153265507774
A_D: 1.7090003423300253
SEED: 13108