Model: sim
Root_length: 977
R_ID: 0.025289765761090238
A_ID: 1.8171356301776016
SEED: 803222