Model: RIM
Root_length: 378
R_I: 0.025234826597520025
R_D: 0.006299553802159423
A_I: 1.5169095639361847
A_D: 1.5305829172633083