Model: sim
Root_length: 1064
R_ID: 0.012843647411775861
A_ID: 1.8676096595341913
SEED: 363155