Model: sim
Root_length: 1064
R_ID: 0.006421823705887931
A_ID: 1.8676096595341913
SEED: 363155