Model: sim
Root_length: 199
R_ID: 0.037743038647273686
A_ID: 1.900019033937608
SEED: 491293