Model: rim
Root_length: 157
R_I: 0.0021492981437792663
R_D: 0.0057701940773908335
A_I: 1.5153956752055289
A_D: 2.1106942878709383
SEED: 391714