Model: rim
R_I: 0.0031169446170424726
R_D: 0.0300877159908217
A_I: 1.4203070279043097
A_D: 2.319235862047581
SEED: 234430