Model: sim
Root_length: 425
R_ID: 0.0020669862359033735
A_ID: 2.4260573012935556
SEED: 537437