Model: rim
Root_length: 499
R_I: 0.005474033216456859
R_D: 0.027838044670965522
A_I: 1.8064925169200514
A_D: 1.5186136565055215
SEED: 477581