Model: RIM
Root_length: 257
R_I: 0.0299936991695875
R_D: 0.008879748043898312
A_I: 1.7568847567610382
A_D: 1.4801113077596506