Model: sim
Root_length: 977
R_ID: 0.012644882880545119
A_ID: 1.8171356301776016
SEED: 803222