Model: rim
Root_length: 343
R_I: 7.655018431189155e-05
R_D: 0.00017345759746478174
A_I: 1.1938648879236744
A_D: 1.1931784208337644
SEED: 122553