Model: rim
Root_length: 378
R_I: 0.03690056950796528
R_D: 0.004381666373785747
A_I: 2.0031928648683803
A_D: 1.8610796581914326
SEED: 977112