Model: sim
R_ID: 0.0020892080222384025
A_ID: 1.291710513931442
SEED: 862047