Model: rim
Root_length: 391
R_I: 0.004287097973565397
R_D: 0.009721526067033224
A_I: 1.4990215877869226
A_D: 1.8257181359686634
SEED: 820265