Model: sim
Root_length: 238
R_ID: 0.03223295553354805
A_ID: 2.447432720182244
SEED: 693656