Model: sim
Root_length: 565
R_ID: 0.021880878753560512
A_ID: 1.7186925931074306
SEED: 345336