Model: RIM
Root_length: 274
R_I: 0.007056072221930874
R_D: 0.008003560695772013
A_I: 1.576486315504205
A_D: 1.4857929181191374