Model: rim
Root_length: 629
R_I: 0.012480981898915935
R_D: 0.024051975494216556
A_I: 1.2616206707900535
A_D: 1.6443702442655908
SEED: 328071