Model: rim
Root_length: 629
R_I: 0.02496196379783187
R_D: 0.04810395098843311
A_I: 1.2616206707900535
A_D: 1.6443702442655908
SEED: 328071