Model: sim
Root_length: 103
R_ID: 0.02559902573016762
A_ID: 1.47168112969887
SEED: 482218