Model: sim
Root_length: 479
R_ID: 0.0024904060842474065
A_ID: 2.547707893915077
SEED: 71359