Model: rim
Root_length: 504
R_I: 0.05885401052073477
R_D: 0.023672007417540192
A_I: 2.0766750974284722
A_D: 1.2265514371626727
SEED: 379347