Model: sim
R_ID: 0.029839672156398853
A_ID: 2.283069747136225
SEED: 372834