Model: sim
Root_length: 361
R_ID: 0.09109480355563156
A_ID: 2.0382156101754783
SEED: 814076