Model: rim
Root_length: 985
R_I: 0.0024829517868394857
R_D: 0.010487659427759602
A_I: 1.1921900981520326
A_D: 1.5783894617558178
SEED: 149376