Model: rim
Root_length: 339
R_I: 0.001183823788425509
R_D: 0.011090744250676788
A_I: 1.1019407601925646
A_D: 1.0132294356980407
SEED: 892193