Model: rim
Root_length: 339
R_I: 0.0005919118942127545
R_D: 0.005545372125338394
A_I: 1.1019407601925646
A_D: 1.0132294356980407
SEED: 892193