Model: sim
Root_length: 103
R_ID: 0.03004759673820892
A_ID: 1.0419467559559334
SEED: 337655