Model: rim
Root_length: 326
R_I: 0.013218576125206138
R_D: 0.005266114919325526
A_I: 1.3344894325542749
A_D: 1.5053395008602786
SEED: 760086