Model: rim
R_I: 0.0008623220331687126
R_D: 0.0017452505349766652
A_I: 1.3939060073437126
A_D: 1.5965923955063408
SEED: 274267