Model: rim
Root_length: 333
R_I: 0.0036442818545488753
R_D: 0.021016145448397975
A_I: 2.7883075271922806
A_D: 1.2905866376021025
SEED: 984280