Model: rim
Root_length: 477
R_I: 0.003469115937276719
R_D: 0.004644505046041769
A_I: 2.6251653304397573
A_D: 1.9704985323109905
SEED: 978700