Model: rim
Root_length: 547
R_I: 0.0004833152251426608
R_D: 0.0010815908296473954
A_I: 2.6285877355046
A_D: 1.0644563457350706
SEED: 230498