Model: sim
R_ID: 0.0720960405591264
A_ID: 1.098364547494447
SEED: 974694