Model: rim
Root_length: 304
R_I: 0.0005915790684483556
R_D: 0.0046708935276733215
A_I: 1.5653382419870132
A_D: 1.5692706361794673
SEED: 277513