Model: sim
Root_length: 149
R_ID: 0.0030883737995724167
A_ID: 1.1034657253692264
SEED: 524335