Model: rim
Root_length: 909
R_I: 0.015933694257741927
R_D: 0.023196834714653617
A_I: 1.3297862394724385
A_D: 1.6996824565184836
SEED: 899117