Model: rim
Root_length: 909
R_I: 0.031867388515483853
R_D: 0.046393669429307234
A_I: 1.3297862394724385
A_D: 1.6996824565184836
SEED: 899117