Model: RIM
Root_length: 259
R_I: 0.0030100973350725246
R_D: 0.0014284423970677826
A_I: 1.4699492879399998
A_D: 1.5868567134426979