Model: rim
Root_length: 268
R_I: 0.0349980381072717
R_D: 0.004172478982517725
A_I: 1.9662812816838757
A_D: 1.1530624902056887
SEED: 98310