Model: sim
Root_length: 828
R_ID: 0.01984551511836227
A_ID: 1.493281921572339
SEED: 61708