Model: rim
Root_length: 156
R_I: 0.0007551533777087381
R_D: 0.004882066278572336
A_I: 1.1757456490479494
A_D: 1.179092962890982
SEED: 897237