Model: rim
R_I: 0.009664759444569935
R_D: 0.019390548179121465
A_I: 2.4651819267537673
A_D: 1.737465189786148
SEED: 316685