Model: rim
Root_length: 404
R_I: 0.000930623655037151
R_D: 0.0023656876429712192
A_I: 1.805044197098176
A_D: 2.243299050592737
SEED: 3161