Model: sim
Root_length: 153
R_ID: 0.06564706996853166
A_ID: 2.6135132345853576
SEED: 345660