Model: sim
Root_length: 592
R_ID: 0.015080961170957186
A_ID: 1.145261510100251
SEED: 905422