Model: sim
Root_length: 592
R_ID: 0.007540480585478593
A_ID: 1.145261510100251
SEED: 905422