Model: rim
Root_length: 355
R_I: 0.011034673293023427
R_D: 0.01296443678324495
A_I: 1.0430138914848444
A_D: 1.4834447955174073
SEED: 939214