Model: rim
Root_length: 355
R_I: 0.022069346586046854
R_D: 0.0259288735664899
A_I: 1.0430138914848444
A_D: 1.4834447955174073
SEED: 939214