Model: RIM
Root_length: 311
R_I: 0.01425110893127059
R_D: 0.009265739829998027
A_I: 1.4906563524183571
A_D: 1.2828203206540534