Model: rim
Root_length: 306
R_I: 0.02760274181078063
R_D: 0.016704014711280146
A_I: 1.2214776328791555
A_D: 1.1467304190177403
SEED: 491567