Model: rim
Root_length: 322
R_I: 0.024017274425734102
R_D: 0.0032284344172263182
A_I: 2.492026148135029
A_D: 2.589563892130336
SEED: 905055