Model: rim
Root_length: 260
R_I: 0.01810365843256123
R_D: 0.05512751948346421
A_I: 1.766557190471573
A_D: 1.916478399267728
SEED: 332585