Model: rim
Root_length: 289
R_I: 0.0005718524558876457
R_D: 0.0006159905997016861
A_I: 1.4998257383306652
A_D: 1.4072564043506532
SEED: 40335