Model: sim
R_ID: 0.0011255735388196488
A_ID: 2.23599645158151
SEED: 603670