Model: sim
Root_length: 119
R_ID: 0.010252915348194908
A_ID: 1.372444963970521
SEED: 84771