Model: sim
Root_length: 1096
R_ID: 0.01166429790004932
A_ID: 1.4090492647558905
SEED: 737069