Model: RIM
Root_length: 279
R_I: 0.002503512747230287
R_D: 0.002447971046293541
A_I: 1.6674725456191712
A_D: 1.5423096068067472