Model: sim
R_ID: 0.003030661466066946
A_ID: 2.651038329121455
SEED: 433725