Model: rim
Root_length: 481
R_I: 0.025256588755067564
R_D: 0.029777562805714735
A_I: 1.0605272027228054
A_D: 1.9692205912486922
SEED: 416858