Model: sim
Root_length: 420
R_ID: 0.0039040000367725
A_ID: 2.7210533222959916
SEED: 571402