Model: sim
Root_length: 292
R_ID: 0.018980057770546684
A_ID: 1.890980173372295
SEED: 406660