Model: RIM
Root_length: 265
R_I: 0.02016811447844824
R_D: 0.006284561532892561
A_I: 1.5070689166014832
A_D: 1.566519899814175