Model: rim
Root_length: 270
R_I: 0.0203007022632003
R_D: 0.012085025418507932
A_I: 1.4741067384265365
A_D: 1.1935417965066362
SEED: 966017