Model: rim
Root_length: 602
R_I: 0.01150231526927812
R_D: 0.028518860716236754
A_I: 1.2017962039373744
A_D: 1.1388207181890926
SEED: 856072