Model: rim
Root_length: 602
R_I: 0.00575115763463906
R_D: 0.014259430358118377
A_I: 1.2017962039373744
A_D: 1.1388207181890926
SEED: 856072