Model: RIM
Root_length: 407
R_I: 0.006217243715726901
R_D: 0.02414562879000267
A_I: 1.5304033688152643
A_D: 1.6775400748995508