Model: rim
Root_length: 579
R_I: 0.0014520384902867525
R_D: 0.002731248165853398
A_I: 1.8920951211985009
A_D: 1.549855556341274
SEED: 109492