Model: sim
Root_length: 225
R_ID: 0.0027393454419649913
A_ID: 1.3517497239448446
SEED: 735539