Model: sim
Root_length: 225
R_ID: 0.005478690883929983
A_ID: 1.3517497239448446
SEED: 735539