Model: rim
Root_length: 292
R_I: 0.005183651060134987
R_D: 0.008914243564134505
A_I: 1.8748686522033378
A_D: 1.1678159482540738
SEED: 774164