Model: rim
Root_length: 328
R_I: 0.06001905600493212
R_D: 0.013851963960023575
A_I: 1.717641850899606
A_D: 1.9454289120618515
SEED: 73946