Model: rim
Root_length: 185
R_I: 0.025162229422284743
R_D: 0.007456449916705824
A_I: 1.8756065448147043
A_D: 1.0056608486706076
SEED: 440111