Model: rim
Root_length: 328
R_I: 0.03000952800246606
R_D: 0.006925981980011787
A_I: 1.717641850899606
A_D: 1.9454289120618515
SEED: 73946