Model: RIM
Root_length: 275
R_I: 0.0074757596336041555
R_D: 0.026112900101690116
A_I: 1.492021963599158
A_D: 1.5071156104982546