Model: rim
Root_length: 390
R_I: 0.012377503525151845
R_D: 0.036378339882743777
A_I: 1.4823558047716177
A_D: 1.8330809443721048
SEED: 197431