Model: RIM
Root_length: 159
R_I: 0.016327068915429836
R_D: 0.009596976284082568
A_I: 1.6500968092059454
A_D: 1.463325453412522