Model: sim
Root_length: 478
R_ID: 0.031587216927022696
A_ID: 1.0914374804279579
SEED: 578271