Model: sim
Root_length: 336
R_ID: 0.0022746753714038837
A_ID: 1.9723020702791083
SEED: 664161