Model: sim
Root_length: 336
R_ID: 0.0011373376857019418
A_ID: 1.9723020702791083
SEED: 664161