Model: sim
Root_length: 260
R_ID: 0.02124401821033759
A_ID: 1.3771683104180834
SEED: 37244