Model: SIM
Root_length: 495
R_ID: 0.03240597784793052
A_ID: 1.7725881677910755