Model: rim
Root_length: 591
R_I: 0.04962486236354053
R_D: 0.04664698009894218
A_I: 1.8932952001313494
A_D: 1.5933249211226914
SEED: 389869