Model: rim
Root_length: 477
R_I: 0.00018910095679859718
R_D: 0.0008751546668728812
A_I: 1.3278574069606708
A_D: 1.7748223009962365
SEED: 338889