Model: rim
Root_length: 591
R_I: 0.024812431181770265
R_D: 0.02332349004947109
A_I: 1.8932952001313494
A_D: 1.5933249211226914
SEED: 389869