Model: rim
Root_length: 1011
R_I: 0.02960786468613529
R_D: 0.006143761805061832
A_I: 1.3816622933429286
A_D: 1.491846253850487
SEED: 878800