Model: rim
Root_length: 437
R_I: 0.0064820113869953925
R_D: 0.01721157756630732
A_I: 1.3388893376787834
A_D: 1.951842939946016
SEED: 85730