Model: rim
Root_length: 437
R_I: 0.012964022773990785
R_D: 0.03442315513261464
A_I: 1.3388893376787834
A_D: 1.951842939946016
SEED: 85730