Model: RIM
Root_length: 94
R_I: 0.017559840978321466
R_D: 0.013720709103957713
A_I: 1.6375965906116892
A_D: 1.49208179185868