Model: sim
Root_length: 154
R_ID: 0.02381998615074119
A_ID: 1.7590771099934646
SEED: 198334