Model: sim
Root_length: 938
R_ID: 0.006371079604929628
A_ID: 1.2242252470605166
SEED: 251638