Model: rim
Root_length: 379
R_I: 0.005910637579939066
R_D: 0.003571610312374447
A_I: 1.8072806255600184
A_D: 1.9370601098516977
SEED: 162544