Model: rim
Root_length: 379
R_I: 0.002955318789969533
R_D: 0.0017858051561872234
A_I: 1.8072806255600184
A_D: 1.9370601098516977
SEED: 162544