Model: SIM
Root_length: 280
R_ID: 0.007756905959780024
A_ID: 1.5744139815049596