Model: sim
Root_length: 985
R_ID: 0.020148876306023546
A_ID: 1.7208520574487627
SEED: 305200