Model: sim
Root_length: 480
R_ID: 0.00442006708733233
A_ID: 1.4745537533018371
SEED: 896825