Model: sim
Root_length: 186
R_ID: 0.02216700550157858
A_ID: 1.6306031429905266
SEED: 334064