Model: sim
Root_length: 938
R_ID: 0.012742159209859256
A_ID: 1.2242252470605166
SEED: 251638