Model: sim
Root_length: 221
R_ID: 0.001861872474612292
A_ID: 1.8485263864503745
SEED: 775608