Model: rim
R_I: 0.0013141472695214834
R_D: 0.0008411196326050332
A_I: 1.388171899191612
A_D: 2.356441624982833
SEED: 16287