Model: rim
Root_length: 392
R_I: 0.002302810270745826
R_D: 0.003202901367700892
A_I: 1.5337870183844418
A_D: 1.21660421608629
SEED: 496307