Model: sim
Root_length: 163
R_ID: 0.0019165155512437153
A_ID: 2.6080566599713393
SEED: 411023