Model: sim
Root_length: 524
R_ID: 0.004155970630552987
A_ID: 2.115762079752954
SEED: 123281