Model: sim
R_ID: 0.006791221497825384
A_ID: 1.0790125781071
SEED: 578168