Model: rim
Root_length: 534
R_I: 0.001967824339379854
R_D: 0.00040736454370248593
A_I: 2.5028996050343197
A_D: 2.7103016505597877
SEED: 335086