Model: sim
Root_length: 161
R_ID: 0.00880431932489306
A_ID: 1.2644839633907083
SEED: 519047