Model: sim
Root_length: 721
R_ID: 0.021076789377387786
A_ID: 1.0869230598240445
SEED: 390596