Model: sim
Root_length: 245
R_ID: 0.014119142435285448
A_ID: 1.368350600210011
SEED: 570097