Model: sim
Root_length: 187
R_ID: 0.0013276109050910628
A_ID: 2.6916121565699127
SEED: 203037