Model: sim
Root_length: 173
R_ID: 0.0025674819588138264
A_ID: 2.675517915653451
SEED: 919148