Model: sim
R_ID: 0.019778012503569708
A_ID: 1.8017095428930983
SEED: 261706