Model: rim
Root_length: 256
R_I: 0.003628195960416025
R_D: 0.02808795365416663
A_I: 2.6983000203312066
A_D: 1.9267755259031982
SEED: 637544