Model: sim
Root_length: 141
R_ID: 0.02433953558039248
A_ID: 1.5034747368565369
SEED: 368584