Model: RIM
Root_length: 258
R_I: 0.0019811609436851565
R_D: 0.0010125971315665516
A_I: 1.4251221438352537
A_D: 1.493456039653385