Model: rim
Root_length: 220
R_I: 0.0017739618013290998
R_D: 0.017091527122020344
A_I: 1.7175959918157981
A_D: 1.720207341168169
SEED: 909549