Model: rim
Root_length: 220
R_I: 0.0035479236026581995
R_D: 0.03418305424404069
A_I: 1.7175959918157981
A_D: 1.720207341168169
SEED: 909549