Model: rim
Root_length: 1067
R_I: 0.00860863977450299
R_D: 0.003971147544372
A_I: 1.5088037406662433
A_D: 1.967019092082757
SEED: 930568