Model: rim
Root_length: 83
R_I: 0.019160420564095386
R_D: 0.004777170339657298
A_I: 1.3077134883037984
A_D: 1.2646227769896117
SEED: 460720