Model: rim
R_I: 0.0005987470237351833
R_D: 0.003367818317263558
A_I: 1.147799627806445
A_D: 1.0736887231107548
SEED: 240016