Model: rim
Root_length: 144
R_I: 0.025769754137394255
R_D: 0.06361883834866923
A_I: 2.422865879312119
A_D: 2.6643364246180847
SEED: 269202