Model: rim
Root_length: 453
R_I: 0.00030912548992829015
R_D: 0.0027817826884528585
A_I: 1.7770140716980305
A_D: 1.2779707481976317
SEED: 194308