Model: sim
Root_length: 472
R_ID: 0.003812172438899006
A_ID: 1.6921927429838606
SEED: 265146