Model: sim
Root_length: 434
R_ID: 0.003250271568498603
A_ID: 1.6923588467878738
SEED: 338018