Model: sim
Root_length: 121
R_ID: 0.006323523784811075
A_ID: 1.6957336911236853
SEED: 837420