Model: sim
Root_length: 175
R_ID: 0.007688100486815168
A_ID: 2.3203167593731626
SEED: 514671