Model: rim
R_I: 0.005665506340896713
R_D: 0.0020071145629381782
A_I: 2.6552461472299047
A_D: 1.135341260373444
SEED: 75733