Model: sim
Root_length: 298
R_ID: 0.006906412781804948
A_ID: 2.10684029943575
SEED: 619917