Model: sim
Root_length: 292
R_ID: 0.0319574382494255
A_ID: 1.4874791237786695
SEED: 406660