Model: rim
Root_length: 211
R_I: 0.0010925595123712003
R_D: 0.007847852162936986
A_I: 1.0186386079844278
A_D: 1.444900892294652
SEED: 950348