Model: RIM
Root_length: 147
R_I: 0.004580071747030977
R_D: 0.004935965125171121
A_I: 1.5790503091907275
A_D: 1.5159072120361323