Model: sim
Root_length: 169
R_ID: 0.03973859538562254
A_ID: 1.2779807282369244
SEED: 130758