Model: sim
Root_length: 1010
R_ID: 0.026250141509070596
A_ID: 1.437341225340277
SEED: 568854