Model: sim
Root_length: 169
R_ID: 0.01986929769281127
A_ID: 1.2779807282369244
SEED: 130758