Model: SIM
Root_length: 508
R_ID: 0.013642456432628349
A_ID: 1.5530036062712853