Model: sim
Root_length: 381
R_ID: 0.0027950766418491564
A_ID: 2.116798827671033
SEED: 409459