Model: rim
R_I: 0.0006896179011966906
R_D: 0.002560734770314593
A_I: 2.6668725413460166
A_D: 1.1838234135569266
SEED: 231588