Model: rim
Root_length: 227
R_I: 0.0360844784040035
R_D: 0.008904226485111015
A_I: 2.1622482746835567
A_D: 1.3616903066937165
SEED: 538393