Model: rim
Root_length: 85
R_I: 0.03022263620452214
R_D: 0.054772074026703345
A_I: 1.812291729146447
A_D: 2.132275916059725
SEED: 192113