Model: sim
Root_length: 527
R_ID: 0.05275132363833241
A_ID: 2.3546819386224733
SEED: 776899