Model: sim
R_ID: 0.003013454520376453
A_ID: 1.790136580222534
SEED: 593456