Model: sim
Root_length: 227
R_ID: 0.01661395427199164
A_ID: 2.153721734775079
SEED: 312768