Model: rim
Root_length: 528
R_I: 0.04704599900203103
R_D: 0.03460579892320939
A_I: 1.6862276133697656
A_D: 1.1576439204372497
SEED: 786251