Model: rim
Root_length: 306
R_I: 0.0368767403461645
R_D: 0.022316247330394064
A_I: 1.4248947366697575
A_D: 1.2939233361069824
SEED: 491567