Model: sim
Root_length: 509
R_ID: 0.06959915393099683
A_ID: 1.2132724694380352
SEED: 340521