Model: rim
R_I: 0.004568079832826918
R_D: 0.0032863894960700984
A_I: 2.0069679742928535
A_D: 2.090661091386945
SEED: 49800