Model: rim
Root_length: 413
R_I: 0.0065693452737096755
R_D: 0.002581319720586847
A_I: 1.1584310328890886
A_D: 2.788855980617309
SEED: 699885