Model: sim
Root_length: 776
R_ID: 0.012608550927192286
A_ID: 1.9117317764523158
SEED: 861377