Model: sim
Root_length: 776
R_ID: 0.025217101854384572
A_ID: 1.9117317764523158
SEED: 861377