Model: sim
Root_length: 473
R_ID: 0.003161053978740214
A_ID: 1.8015728384309466
SEED: 522787