Model: rim
Root_length: 500
R_I: 0.005453725773163201
R_D: 0.004531872706026171
A_I: 1.0340259039672521
A_D: 1.364726311776325
SEED: 563916