Model: rim
Root_length: 644
R_I: 0.0008179066286914057
R_D: 0.0007584464350012094
A_I: 1.5727975122045046
A_D: 1.208655131938734
SEED: 860381