Model: rim
Root_length: 181
R_I: 0.05318094382666093
R_D: 0.03080565453766428
A_I: 1.219533755804366
A_D: 1.326031731255608
SEED: 806506