Model: sim
Root_length: 497
R_ID: 0.019272833079655733
A_ID: 1.2012919823729784
SEED: 839873