Model: rim
Root_length: 646
R_I: 0.01592471068112108
R_D: 0.01426238253330702
A_I: 1.20392257601359
A_D: 1.2052458348254587
SEED: 650918