Model: RIM
Root_length: 224
R_I: 0.019011634190212748
R_D: 0.013460498088499528
A_I: 1.598931128285671
A_D: 1.3294744607925346