Model: sim
Root_length: 222
R_ID: 0.04205587145855991
A_ID: 1.398520175219304
SEED: 500024