Model: sim
Root_length: 257
R_ID: 0.032918832087302
A_ID: 1.839056119419777
SEED: 640296