Model: sim
Root_length: 760
R_ID: 0.00617590586358697
A_ID: 1.7940479655498394
SEED: 905407