Model: RIM
Root_length: 145
R_I: 0.022841654452158133
R_D: 0.007172010793261927
A_I: 1.3600150197080005
A_D: 1.5214282872544063