Model: rim
Root_length: 997
R_I: 0.0017318096543458168
R_D: 0.00048021711149772177
A_I: 1.3659033726315113
A_D: 1.0998601958630982
SEED: 369555