Model: rim
Root_length: 997
R_I: 0.0034636193086916337
R_D: 0.0009604342229954435
A_I: 1.3659033726315113
A_D: 1.0998601958630982
SEED: 369555