Model: rim
Root_length: 365
R_I: 0.015388834781380097
R_D: 0.08305563933284782
A_I: 1.6057116400726654
A_D: 1.8201032691527264
SEED: 82880