Model: rim
Root_length: 365
R_I: 0.007694417390690048
R_D: 0.04152781966642391
A_I: 1.6057116400726654
A_D: 1.8201032691527264
SEED: 82880