Model: SIM
Root_length: 196
R_ID: 0.03033505647898739
A_ID: 1.334446906935152