Model: rim
Root_length: 417
R_I: 0.030753738097570513
R_D: 0.035269923399552365
A_I: 1.9555718380713865
A_D: 1.0555081765798213
SEED: 635224