Model: rim
Root_length: 417
R_I: 0.015376869048785257
R_D: 0.017634961699776183
A_I: 1.9555718380713865
A_D: 1.0555081765798213
SEED: 635224