Model: RIM
Root_length: 424
R_I: 0.001172844135253609
R_D: 0.0009928028402676826
A_I: 1.4163979102295354
A_D: 1.4722786199725832