Model: sim
Root_length: 279
R_ID: 0.018640238112351402
A_ID: 1.9762866062171551
SEED: 562169