Model: sim
Root_length: 192
R_ID: 0.039928318437309124
A_ID: 1.222660262463644
SEED: 856721