Model: rim
R_I: 0.0019435886801164517
R_D: 0.00021529738015856563
A_I: 1.2599898117663586
A_D: 1.8417566344478102
SEED: 935494