Model: rim
Root_length: 280
R_I: 0.0015843092189237367
R_D: 0.004917087589504365
A_I: 2.559701989085301
A_D: 2.232150366547817
SEED: 114655