Model: rim
Root_length: 528
R_I: 0.0009376247188061397
R_D: 0.0006314245630207944
A_I: 1.1066543686575903
A_D: 2.162661837576106
SEED: 410797