Model: sim
Root_length: 135
R_ID: 0.021971213359962098
A_ID: 1.7523742238530924
SEED: 684531