Model: rim
Root_length: 404
R_I: 0.0036562787232880026
R_D: 0.009294426751483892
A_I: 1.4384342577289073
A_D: 1.688552444746843
SEED: 3161