Model: rim
Root_length: 331
R_I: 0.06757960121349747
R_D: 0.009261627618521676
A_I: 1.7421630080194368
A_D: 1.5974255496979475
SEED: 878917