Model: rim
Root_length: 331
R_I: 0.033789800606748736
R_D: 0.004630813809260838
A_I: 1.7421630080194368
A_D: 1.5974255496979475
SEED: 878917