Model: sim
Root_length: 259
R_ID: 0.007457064069712205
A_ID: 1.7277329843566074
SEED: 738107