Model: sim
Root_length: 844
R_ID: 0.04480774713556527
A_ID: 1.5649138778149232
SEED: 459953