Model: rim
Root_length: 284
R_I: 0.009249637623286556
R_D: 0.02712944106750697
A_I: 1.8658005100836696
A_D: 1.7106526280701018
SEED: 345847