Model: RIM
Root_length: 532
R_I: 0.020362166375572612
R_D: 0.0176249693998038
A_I: 1.3313130200821508
A_D: 1.3315341973078225