Model: rim
Root_length: 639
R_I: 0.025812922004223658
R_D: 0.010641972669240957
A_I: 1.8735297873477008
A_D: 1.2109533848690117
SEED: 735956