Model: sim
Root_length: 139
R_ID: 0.05181431631156238
A_ID: 2.6075747740318347
SEED: 522507