Model: sim
Root_length: 181
R_ID: 0.03471088966377049
A_ID: 2.2433170213655154
SEED: 732214