Model: rim
R_I: 0.015157690865713731
R_D: 0.033564461725568595
A_I: 1.6801828629386684
A_D: 2.243557098423106
SEED: 331524