Model: sim
Root_length: 244
R_ID: 0.0012608507350017081
A_ID: 1.6643803611082277
SEED: 277430