Model: rim
Root_length: 151
R_I: 0.0008121945245170238
R_D: 0.004931884794575364
A_I: 1.8799572818567207
A_D: 1.4958949911682562
SEED: 134450