Model: rim
Root_length: 153
R_I: 0.03147881578855825
R_D: 0.016570980199030805
A_I: 1.5070553561781717
A_D: 1.5669153853763444
SEED: 508410