Model: sim
Root_length: 423
R_ID: 0.006548218969770036
A_ID: 1.2449097550159882
SEED: 453869