Model: rim
Root_length: 500
R_I: 0.0013700711988130928
R_D: 0.0011384856022220477
A_I: 1.0964434913962688
A_D: 1.6758937924835866
SEED: 563916