Model: rim
Root_length: 490
R_I: 0.010967459055401984
R_D: 0.02085149167369881
A_I: 1.1465234142564786
A_D: 2.4686510759363034
SEED: 786270