Model: sim
R_ID: 0.004080074101783367
A_ID: 1.629625402085919
SEED: 951959