Model: rim
Root_length: 377
R_I: 0.0002042562429193205
R_D: 0.0017807886371267348
A_I: 1.4433129098533415
A_D: 1.0967611304329008
SEED: 474845