Model: rim
Root_length: 284
R_I: 0.013016175504732974
R_D: 0.06111895373271674
A_I: 1.490235700050784
A_D: 1.5497671941398785
SEED: 745066