Model: rim
Root_length: 284
R_I: 0.006508087752366487
R_D: 0.03055947686635837
A_I: 1.490235700050784
A_D: 1.5497671941398785
SEED: 745066