Model: sim
Root_length: 453
R_ID: 0.019656833563978092
A_ID: 1.3941941454342215
SEED: 234522