Model: sim
Root_length: 80
R_ID: 0.010533733641134956
A_ID: 2.260603219733687
SEED: 961558