Model: sim
Root_length: 383
R_ID: 0.0017048424393876628
A_ID: 2.328361762451874
SEED: 726966