Model: sim
R_ID: 0.01244409799873718
A_ID: 1.8559087291331013
SEED: 813143