Model: rim
Root_length: 707
R_I: 0.005581361427778532
R_D: 0.001891439025585771
A_I: 1.3938301431881888
A_D: 1.999470675716236
SEED: 258111