Model: rim
Root_length: 707
R_I: 0.002790680713889266
R_D: 0.0009457195127928855
A_I: 1.3938301431881888
A_D: 1.999470675716236
SEED: 258111