Model: sim
Root_length: 356
R_ID: 0.0013593385198211246
A_ID: 2.1333196300302886
SEED: 238989