Model: sim
Root_length: 169
R_ID: 0.06470880452723543
A_ID: 2.038450467542115
SEED: 540488