Model: rim
R_I: 0.009474430575075292
R_D: 0.016119424411508005
A_I: 1.2313221547738062
A_D: 1.200866802217652
SEED: 123701