Model: rim
Root_length: 181
R_I: 0.0001743410686707664
R_D: 0.0008489847447669467
A_I: 1.0762563685130149
A_D: 1.5899381620040214
SEED: 746840