Model: rim
Root_length: 218
R_I: 0.024654482236731157
R_D: 0.019873851724106103
A_I: 2.5130747327261145
A_D: 1.3201772840215944
SEED: 653694