Model: rim
Root_length: 151
R_I: 0.00023999533592906214
R_D: 0.0014573224914824438
A_I: 2.578676896745623
A_D: 1.9057263810504614
SEED: 134450