Model: sim
Root_length: 384
R_ID: 0.002513445667262549
A_ID: 1.2560293605699528
SEED: 612745