Model: rim
R_I: 0.07009519857749219
R_D: 0.021002099430916805
A_I: 1.7985712035203993
A_D: 1.1052115076705522
SEED: 937559