Model: rim
Root_length: 816
R_I: 0.01750465272831727
R_D: 0.01607645330809846
A_I: 1.4040247578823892
A_D: 1.5673930708021615
SEED: 446613