Model: rim
Root_length: 181
R_I: 0.026590471913330464
R_D: 0.01540282726883214
A_I: 1.219533755804366
A_D: 1.326031731255608
SEED: 806506