Model: rim
Root_length: 191
R_I: 0.06062670836864924
R_D: 0.007379725625214411
A_I: 2.7618665685300767
A_D: 1.795264915468905
SEED: 983258