Model: sim
Root_length: 120
R_ID: 0.05156896434564114
A_ID: 2.230131563969168
SEED: 579595