Model: sim
R_ID: 0.03665749847615341
A_ID: 1.0587985062822427
SEED: 658708