Model: sim
Root_length: 495
R_ID: 0.016716567316288178
A_ID: 1.1924578713259422
SEED: 694366