Model: rim
Root_length: 385
R_I: 0.007905606860437842
R_D: 0.06476799291023286
A_I: 1.2361137017642165
A_D: 2.4915824607814185
SEED: 634903