Model: sim
Root_length: 226
R_ID: 0.014650856382707512
A_ID: 1.8732314093920501
SEED: 747244