Model: sim
Root_length: 123
R_ID: 0.007584613169106423
A_ID: 1.9969742493700122
SEED: 234526