Model: rim
R_I: 0.06526616259540502
R_D: 0.02357023551277785
A_I: 1.9868999633317275
A_D: 2.258261502791925
SEED: 174363