Model: sim
Root_length: 495
R_ID: 0.030578677538328082
A_ID: 1.0888226562317636
SEED: 694366