Model: rim
Root_length: 83
R_I: 0.03832084112819077
R_D: 0.009554340679314596
A_I: 1.3077134883037984
A_D: 1.2646227769896117
SEED: 460720