Model: RIM
Root_length: 333
R_I: 0.02243112057471267
R_D: 0.007772332989387284
A_I: 1.1670954801979787
A_D: 1.513390507944272