Model: rim
Root_length: 326
R_I: 0.022647732399702636
R_D: 0.00902257250321704
A_I: 1.1698820587928314
A_D: 1.2673885872336361
SEED: 760086