Model: sim
Root_length: 248
R_ID: 0.026045602826173048
A_ID: 1.4398780026825118
SEED: 620943