Model: rim
Root_length: 117
R_I: 0.011022404706198672
R_D: 0.009296699520705113
A_I: 2.139600153572758
A_D: 1.816331527348906
SEED: 941569