Model: sim
Root_length: 185
R_ID: 0.0011066012128921516
A_ID: 2.2978591493030365
SEED: 958579