Model: sim
Root_length: 481
R_ID: 0.003988445610571252
A_ID: 1.9203085570923104
SEED: 489188