Model: sim
R_ID: 0.012259886428579097
A_ID: 1.6016729447207494
SEED: 516146