Model: rim
Root_length: 132
R_I: 0.0022142405815158512
R_D: 0.002967191682568951
A_I: 2.5369995732028006
A_D: 2.5203659258997546
SEED: 219322