Model: sim
R_ID: 0.011592727858987755
A_ID: 1.1036403300601405
SEED: 553798