Model: sim
Root_length: 366
R_ID: 0.03609396576397649
A_ID: 1.0695203463702365
SEED: 155483