Model: sim
Root_length: 140
R_ID: 0.04455165244673869
A_ID: 1.2191646503724516
SEED: 956059