Model: RIM
Root_length: 361
R_I: 0.005710864529524279
R_D: 0.0037018878785874993
A_I: 1.625192367240592
A_D: 1.5822601070844258