Model: rim
Root_length: 235
R_I: 0.005007043835075172
R_D: 0.003038486223217549
A_I: 1.8718254390261144
A_D: 1.144885234050721
SEED: 495748