Model: rim
Root_length: 235
R_I: 0.010014087670150345
R_D: 0.006076972446435098
A_I: 1.8718254390261144
A_D: 1.144885234050721
SEED: 495748