Model: sim
Root_length: 346
R_ID: 0.010364577899178893
A_ID: 2.0482675214682935
SEED: 654591