Model: rim
Root_length: 415
R_I: 0.010017140083647305
R_D: 0.0011096042616118495
A_I: 1.9605275641096918
A_D: 1.5798914483866953
SEED: 911454