Model: sim
R_ID: 0.012878552646100846
A_ID: 1.9040352742597355
SEED: 211644