Model: rim
Root_length: 406
R_I: 0.002826977102479448
R_D: 0.0009082315342614923
A_I: 1.087527286918854
A_D: 2.003196062673444
SEED: 722740