Model: RIM
Root_length: 182
R_I: 0.012201728969467012
R_D: 0.003992480628620173
A_I: 1.3970323360211714
A_D: 1.3884035951374472