Model: rim
Root_length: 642
R_I: 0.009535587667798037
R_D: 0.03375011923570979
A_I: 1.0195984176899848
A_D: 1.7552416520518759
SEED: 86758