Model: rim
Root_length: 642
R_I: 0.019071175335596074
R_D: 0.06750023847141957
A_I: 1.0195984176899848
A_D: 1.7552416520518759
SEED: 86758