Model: sim
Root_length: 927
R_ID: 0.034179616797615935
A_ID: 1.4674949250812563
SEED: 128752