Model: sim
Root_length: 927
R_ID: 0.017089808398807967
A_ID: 1.4674949250812563
SEED: 128752