Model: rim
Root_length: 215
R_I: 0.03925409269687546
R_D: 0.00486225890018781
A_I: 1.997279450204584
A_D: 1.2428333549545028
SEED: 72886