Model: rim
Root_length: 306
R_I: 0.05506748196616155
R_D: 0.033877413408873965
A_I: 1.6820019961564736
A_D: 2.6876984830868995
SEED: 505582