Model: sim
R_ID: 0.003592444568328863
A_ID: 1.7691566744324967
SEED: 910594