Model: rim
Root_length: 321
R_I: 0.05121083023525051
R_D: 0.010584192106717575
A_I: 1.8044298302629593
A_D: 1.2492401969610636
SEED: 802084