Model: rim
Root_length: 475
R_I: 0.0022704102696043675
R_D: 0.000894270904322645
A_I: 1.1955550338650207
A_D: 2.338529007217585
SEED: 764698