Model: SIM
Root_length: 445
R_ID: 0.02529392137429634
A_ID: 1.7035720768074203