Model: sim
Root_length: 452
R_ID: 0.03387545774816911
A_ID: 1.5932005579370312
SEED: 584980