Model: sim
Root_length: 416
R_ID: 0.010324622133420079
A_ID: 1.817456988856709
SEED: 335800