Model: sim
Root_length: 416
R_ID: 0.020649244266840158
A_ID: 1.817456988856709
SEED: 335800