Model: SIM
Root_length: 264
R_ID: 0.015741281458257136
A_ID: 1.5421899206304406