Model: sim
Root_length: 381
R_ID: 0.013842762356172704
A_ID: 1.3829960518867572
SEED: 516124