Model: sim
Root_length: 381
R_ID: 0.027685524712345408
A_ID: 1.3829960518867572
SEED: 516124