Model: rim
Root_length: 763
R_I: 0.021800408725610832
R_D: 0.009125431762228992
A_I: 1.5931586015188788
A_D: 1.533703187301141
SEED: 46554