Model: rim
Root_length: 763
R_I: 0.043600817451221664
R_D: 0.018250863524457983
A_I: 1.5931586015188788
A_D: 1.533703187301141
SEED: 46554