Model: sim
Root_length: 410
R_ID: 0.015981218929693185
A_ID: 1.893556564308689
SEED: 184560