Model: sim
Root_length: 410
R_ID: 0.03196243785938637
A_ID: 1.893556564308689
SEED: 184560