Model: sim
Root_length: 1082
R_ID: 0.018559043854253967
A_ID: 1.0496532620742847
SEED: 40900