Model: sim
Root_length: 1083
R_ID: 0.011917509647496993
A_ID: 1.445262399855523
SEED: 771185