Model: sim
Root_length: 1083
R_ID: 0.005958754823748497
A_ID: 1.445262399855523
SEED: 771185