Model: rim
Root_length: 462
R_I: 0.007819470453334617
R_D: 0.03975236966213092
A_I: 1.773882916841206
A_D: 1.1149521442552472
SEED: 592131