Model: rim
Root_length: 462
R_I: 0.003909735226667308
R_D: 0.01987618483106546
A_I: 1.773882916841206
A_D: 1.1149521442552472
SEED: 592131