Model: rim
Root_length: 584
R_I: 0.008987125115873252
R_D: 0.035543540868695406
A_I: 1.4435747155460117
A_D: 1.06797171071673
SEED: 767612