Model: sim
Root_length: 262
R_ID: 0.0012286292501796471
A_ID: 1.8604410096573907
SEED: 786793