Model: sim
Root_length: 787
R_ID: 0.0030277132470222846
A_ID: 1.290591888438656
SEED: 670488