Model: sim
Root_length: 519
R_ID: 0.027872815574285087
A_ID: 1.5118936194931356
SEED: 999356