Model: sim
Root_length: 103
R_ID: 0.01591856332895292
A_ID: 1.110322337509937
SEED: 337655