Model: rim
Root_length: 216
R_I: 0.0035657987536776205
R_D: 0.005295157117592436
A_I: 2.4313176783411494
A_D: 2.1572966760478334
SEED: 515381