Model: sim
Root_length: 366
R_ID: 0.001406918828985892
A_ID: 1.9698211486636072
SEED: 579832