Model: rim
R_I: 0.0010984461402327851
R_D: 0.0013172705558263055
A_I: 1.85847498853005
A_D: 2.1487160295207626
SEED: 512795