Model: SIM
Root_length: 409
R_ID: 0.01269499479721382
A_ID: 1.7905736261035141