Model: sim
Root_length: 412
R_ID: 0.014157173505738236
A_ID: 1.9552161758856803
SEED: 816714