Model: sim
Root_length: 169
R_ID: 0.025927518229617454
A_ID: 1.196354823427261
SEED: 658124