Model: rim
Root_length: 840
R_I: 0.021910113046294994
R_D: 0.004745904808482568
A_I: 1.2602801372782082
A_D: 1.5766834489394608
SEED: 401436