Model: rim
Root_length: 840
R_I: 0.04382022609258999
R_D: 0.009491809616965136
A_I: 1.2602801372782082
A_D: 1.5766834489394608
SEED: 401436