Model: SIM
Root_length: 491
R_ID: 0.024473751138510927
A_ID: 1.2629330444819409