Model: rim
Root_length: 444
R_I: 0.004008158769991598
R_D: 0.00624942615385923
A_I: 1.399460472130766
A_D: 1.1918362329290897
SEED: 704655