Model: rim
Root_length: 1011
R_I: 0.014803932343067644
R_D: 0.003071880902530916
A_I: 1.3816622933429286
A_D: 1.491846253850487
SEED: 878800