Model: sim
Root_length: 139
R_ID: 0.021655605268419673
A_ID: 2.7309853209692236
SEED: 427382