Model: sim
Root_length: 348
R_ID: 0.038566243346554674
A_ID: 1.1093690267929195
SEED: 212980