Model: sim
R_ID: 0.0382507938881406
A_ID: 2.655524063302976
SEED: 623614