Model: rim
Root_length: 346
R_I: 0.0007399901216109291
R_D: 0.0024327582573513405
A_I: 2.4691787948869854
A_D: 2.580095433015508
SEED: 932746