Model: rim
Root_length: 263
R_I: 0.03504530461592749
R_D: 0.013051640576695486
A_I: 2.6391257640732895
A_D: 1.1514149018441122
SEED: 925718