Model: sim
Root_length: 105
R_ID: 0.05314334798973855
A_ID: 2.0449031444240084
SEED: 161081