Model: sim
R_ID: 0.02824496667606729
A_ID: 1.571320729953475
SEED: 42181