Model: rim
Root_length: 211
R_I: 0.03197440988964542
R_D: 0.008090421918200424
A_I: 1.55694015806036
A_D: 2.2418432098279455
SEED: 476506