Model: sim
Root_length: 760
R_ID: 0.01235181172717394
A_ID: 1.7940479655498394
SEED: 905407