Model: sim
Root_length: 699
R_ID: 0.010977850320493318
A_ID: 1.4135642685602812
SEED: 578730