Model: sim
Root_length: 310
R_ID: 0.07900731567153682
A_ID: 1.3620594169992395
SEED: 138319