Model: sim
Root_length: 281
R_ID: 0.002222584093329023
A_ID: 2.2468332234045496
SEED: 9779