Model: sim
R_ID: 0.0203926454718471
A_ID: 2.352971974655427
SEED: 948765