Model: rim
Root_length: 173
R_I: 0.0011374515359358355
R_D: 0.000275517140619459
A_I: 1.417753716648279
A_D: 1.458802402514453
SEED: 275577