Model: rim
Root_length: 646
R_I: 0.00796235534056054
R_D: 0.00713119126665351
A_I: 1.20392257601359
A_D: 1.2052458348254587
SEED: 650918