Model: rim
Root_length: 477
R_I: 0.00037820191359719436
R_D: 0.0017503093337457624
A_I: 1.3278574069606708
A_D: 1.7748223009962365
SEED: 338889