Model: RIM
Root_length: 307
R_I: 0.0011082610658482133
R_D: 0.001016804006136044
A_I: 1.549430707718394
A_D: 1.7309501797520475