Model: sim
Root_length: 983
R_ID: 0.017346867040238717
A_ID: 1.3908748390601475
SEED: 314653