Model: sim
Root_length: 221
R_ID: 0.0061227909173893705
A_ID: 1.579309644963565
SEED: 535159