Model: rim
Root_length: 190
R_I: 0.006160793011337047
R_D: 0.011684141666848114
A_I: 1.3239028435381894
A_D: 1.4256778860538943
SEED: 643438