Model: rim
Root_length: 654
R_I: 0.02209002800188443
R_D: 0.01860570305135701
A_I: 1.5246150961763383
A_D: 1.7840458753093111
SEED: 296502