Model: rim
Root_length: 654
R_I: 0.04418005600376886
R_D: 0.03721140610271402
A_I: 1.5246150961763383
A_D: 1.7840458753093111
SEED: 296502