Model: sim
Root_length: 1017
R_ID: 0.03474454019682151
A_ID: 1.5413676854325802
SEED: 519367