Model: sim
Root_length: 774
R_ID: 0.02120679046591515
A_ID: 1.1840726291416392
SEED: 707333