Model: sim
Root_length: 422
R_ID: 0.00141273702818438
A_ID: 1.6577937884754586
SEED: 435897