Model: RIM
Root_length: 211
R_I: 0.002401910414126782
R_D: 0.008252651396041314
A_I: 1.5646261762665592
A_D: 1.5314285842302138