Model: sim
Root_length: 284
R_ID: 0.010547460986917223
A_ID: 1.1078081554658192
SEED: 788339