Model: sim
Root_length: 1003
R_ID: 0.0035408223852093413
A_ID: 1.9670165540729014
SEED: 941261