Model: RIM
Root_length: 172
R_I: 0.019093159450170618
R_D: 0.0065583806104715595
A_I: 1.6778574968390432
A_D: 1.5746514228457118