Model: rim
Root_length: 762
R_I: 0.04348005063260243
R_D: 0.015354140589072486
A_I: 1.4196944705704884
A_D: 1.0334591576743477
SEED: 127084