Model: rim
Root_length: 804
R_I: 0.0009632495987345293
R_D: 0.008943005889970457
A_I: 1.4136042023588855
A_D: 1.8600163243009564
SEED: 793779