Model: RIM
Root_length: 447
R_I: 0.021403497950030256
R_D: 0.00549116836159306
A_I: 1.6939662839876795
A_D: 1.5663371487113735