Model: rim
Root_length: 458
R_I: 0.020340331905402506
R_D: 0.006706790239681499
A_I: 1.742819116401833
A_D: 1.9726877045092956
SEED: 75495