Model: sim
Root_length: 177
R_ID: 0.044280575932143684
A_ID: 1.855288677106051
SEED: 468780