Model: rim
Root_length: 461
R_I: 0.03533884967885656
R_D: 0.0035655489121338667
A_I: 1.3137660766297516
A_D: 1.4225241312350478
SEED: 682793