Model: rim
Root_length: 926
R_I: 0.021770563464890317
R_D: 0.0050026159660875045
A_I: 1.3271011195743156
A_D: 1.3252746119498113
SEED: 752868