Model: rim
Root_length: 926
R_I: 0.043541126929780634
R_D: 0.010005231932175009
A_I: 1.3271011195743156
A_D: 1.3252746119498113
SEED: 752868