Model: SIM
Root_length: 167
R_ID: 0.008392679836329067
A_ID: 1.7330427140810771