Model: sim
Root_length: 173
R_ID: 0.010237685014472626
A_ID: 1.9352258085713854
SEED: 919148