Model: sim
Root_length: 654
R_ID: 0.0068343287210308416
A_ID: 1.0817560114150917
SEED: 660495