Model: sim
Root_length: 382
R_ID: 0.007713936643724096
A_ID: 1.74120013321227
SEED: 375916