Model: RIM
Root_length: 224
R_I: 0.008628756205454108
R_D: 0.010426154512973409
A_I: 1.5774374425071975
A_D: 1.5956022639917293