Model: sim
Root_length: 924
R_ID: 0.04882962632274009
A_ID: 1.9937451703592433
SEED: 822148