Model: RIM
Root_length: 326
R_I: 0.012210163613294623
R_D: 0.016586555529542076
A_I: 1.5778264978793042
A_D: 1.4502658285489367