Model: sim
Root_length: 145
R_ID: 0.017173259416282328
A_ID: 1.0428714701390938
SEED: 632937