Model: rim
Root_length: 423
R_I: 0.003228079547637408
R_D: 0.015625874601873268
A_I: 1.2899267096328515
A_D: 1.7128807504738242
SEED: 808507