Model: rim
Root_length: 423
R_I: 0.001614039773818704
R_D: 0.007812937300936634
A_I: 1.2899267096328515
A_D: 1.7128807504738242
SEED: 808507