Model: rim
R_I: 0.005496456771406293
R_D: 0.0014360890370955118
A_I: 2.683939662396501
A_D: 2.452333138723697
SEED: 488528