Model: sim
Root_length: 169
R_ID: 0.010891826863695398
A_ID: 1.38087477431923
SEED: 658124