Model: rim
Root_length: 146
R_I: 0.015923583632182697
R_D: 0.0035061197863200944
A_I: 2.5139762762577385
A_D: 2.7502499357095065
SEED: 800090