Model: rim
Root_length: 177
R_I: 0.02109336262087197
R_D: 0.014699004460280052
A_I: 1.1183434731348556
A_D: 2.3126487804224585
SEED: 643775