Model: RIM
Root_length: 302
R_I: 0.029118943854980817
R_D: 0.007924648055017467
A_I: 1.6939287095071174
A_D: 1.4379429056647703