Model: rim
Root_length: 307
R_I: 0.03942587999817709
R_D: 0.008765153101244452
A_I: 1.5445466615089434
A_D: 1.3444296274187424
SEED: 252029