Model: RIM
Root_length: 210
R_I: 0.021220219454283998
R_D: 0.016581690917595718
A_I: 1.4889059005111789
A_D: 1.582664114682244