Model: sim
Root_length: 134
R_ID: 0.007366729072629613
A_ID: 1.7245355355112906
SEED: 339389