Model: sim
Root_length: 826
R_ID: 0.008890443988844254
A_ID: 1.578843861409723
SEED: 71354