Model: rim
Root_length: 529
R_I: 0.011030600732974075
R_D: 0.02618496564664845
A_I: 1.3194337418591613
A_D: 1.3176820156269993
SEED: 584948