Model: rim
Root_length: 529
R_I: 0.02206120146594815
R_D: 0.0523699312932969
A_I: 1.3194337418591613
A_D: 1.3176820156269993
SEED: 584948