Model: rim
Root_length: 639
R_I: 0.012906461002111829
R_D: 0.005320986334620479
A_I: 1.8735297873477008
A_D: 1.2109533848690117
SEED: 735956