Model: sim
Root_length: 540
R_ID: 0.04099769849480243
A_ID: 1.401519602694884
SEED: 530379