Model: sim
Root_length: 736
R_ID: 0.0069951610090759515
A_ID: 1.6413490501925836
SEED: 94126