Model: rim
Root_length: 91
R_I: 0.001403277412419279
R_D: 0.00423334619131024
A_I: 1.9322282654094813
A_D: 2.5078479208352658
SEED: 468045