Model: rim
Root_length: 477
R_I: 0.002913739028286698
R_D: 0.010181079392450602
A_I: 1.6102233299623268
A_D: 1.809653184416109
SEED: 710165