Model: sim
Root_length: 412
R_ID: 0.003683722784039657
A_ID: 2.710544858728168
SEED: 816714