Model: rim
R_I: 0.020910246035098955
R_D: 0.025820104759307395
A_I: 1.5961304443633728
A_D: 2.497666315657269
SEED: 699453