Model: rim
Root_length: 263
R_I: 0.030641405462088107
R_D: 0.011411531879629056
A_I: 1.9144562976296775
A_D: 1.0653988583325005
SEED: 925718