Model: sim
R_ID: 0.002551909248722714
A_ID: 2.7784932960382127
SEED: 397932