Model: rim
Root_length: 455
R_I: 0.0077495431217313865
R_D: 0.03737613084473696
A_I: 1.64244741460121
A_D: 1.0571858951782176
SEED: 833828