Model: sim
Root_length: 256
R_ID: 0.020776931456850098
A_ID: 2.171094539780158
SEED: 228780