Model: rim
Root_length: 458
R_I: 0.009080752914799558
R_D: 0.0029941844263495477
A_I: 2.338384628012542
A_D: 2.7411583151447525
SEED: 75495