Model: SIM
Root_length: 270
R_ID: 0.03809396553015393
A_ID: 1.5164621091607031