Model: sim
Root_length: 636
R_ID: 0.002594047904583863
A_ID: 1.7634676697114882
SEED: 375431