Model: sim
Root_length: 636
R_ID: 0.0012970239522919315
A_ID: 1.7634676697114882
SEED: 375431