Model: rim
Root_length: 352
R_I: 0.013026521888199761
R_D: 0.031635655063005315
A_I: 1.5941552874131857
A_D: 1.4076780143308065
SEED: 275762