Model: RIM
Root_length: 100
R_I: 0.005845260278498764
R_D: 0.010104140734517555
A_I: 1.3707383839715528
A_D: 1.4966559990731034