Model: rim
Root_length: 929
R_I: 0.009912971919490667
R_D: 0.026412210264567696
A_I: 1.8772992343484403
A_D: 1.5997393439775205
SEED: 322437