Model: rim
Root_length: 294
R_I: 0.0013213276109344087
R_D: 0.005935625891801155
A_I: 1.3025132736426261
A_D: 1.2272150755282303
SEED: 701280