Model: rim
Root_length: 294
R_I: 0.0026426552218688174
R_D: 0.01187125178360231
A_I: 1.3025132736426261
A_D: 1.2272150755282303
SEED: 701280