Model: sim
Root_length: 241
R_ID: 0.04602872428701052
A_ID: 1.1333633311886067
SEED: 989684