Model: sim
Root_length: 1067
R_ID: 0.005972594425464592
A_ID: 1.0783904017387222
SEED: 40861