Model: sim
Root_length: 322
R_ID: 0.002248828372005879
A_ID: 1.8331286429984837
SEED: 390910