Model: sim
R_ID: 0.036720477836965144
A_ID: 1.7512477357079348
SEED: 446500