Model: sim
Root_length: 413
R_ID: 0.00993330933850791
A_ID: 2.244914334856169
SEED: 411007