Model: sim
Root_length: 542
R_ID: 0.060203113771096405
A_ID: 1.999084453533155
SEED: 4467