Model: rim
Root_length: 542
R_I: 0.0019575867416054896
R_D: 0.018370727257921354
A_I: 2.585833062781557
A_D: 2.3176415203749863
SEED: 680463