Model: sim
Root_length: 276
R_ID: 0.016205628075090402
A_ID: 2.6168195427795125
SEED: 394229