Model: rim
Root_length: 524
R_I: 0.005444047397189497
R_D: 0.015226529881961496
A_I: 1.362197486193589
A_D: 2.2802213020183855
SEED: 773250