Model: rim
Root_length: 150
R_I: 0.0020759172590323195
R_D: 0.00027191747244986796
A_I: 2.181304457002178
A_D: 1.8514494211597436
SEED: 885746