Model: sim
R_ID: 0.04008114431950636
A_ID: 2.4982827725171175
SEED: 841154