Model: sim
Root_length: 150
R_ID: 0.04338124222331234
A_ID: 1.8123480847711346
SEED: 579796