Model: sim
Root_length: 276
R_ID: 0.06985635232629783
A_ID: 2.2592510799628163
SEED: 727246