Model: sim
R_ID: 0.001432293845603194
A_ID: 1.387340993254572
SEED: 82795