Model: sim
Root_length: 86
R_ID: 0.02436820493757288
A_ID: 1.9196367276731894
SEED: 714946