Model: sim
Root_length: 387
R_ID: 0.0020597812361483453
A_ID: 2.3959563668811317
SEED: 244263