Model: rim
Root_length: 227
R_I: 0.03189688342715153
R_D: 0.008729240829517294
A_I: 1.4490110146213664
A_D: 1.3327689856978957
SEED: 70673