Model: RIM
Root_length: 130
R_I: 0.0032318411702095167
R_D: 0.005989774160818254
A_I: 1.4788143511562053
A_D: 1.512610620849336