Model: sim
Root_length: 176
R_ID: 0.010510195046748057
A_ID: 1.4862880930070763
SEED: 873963