Model: sim
Root_length: 176
R_ID: 0.021020390093496114
A_ID: 1.4862880930070763
SEED: 873963