Model: RIM
Root_length: 464
R_I: 0.006696343329418075
R_D: 0.023785976472372572
A_I: 1.5547775911224355
A_D: 1.40068960663586