Model: RIM
Root_length: 321
R_I: 0.001774045863060499
R_D: 0.0034882412927077916
A_I: 1.5110786877561566
A_D: 1.6191366131128526