Model: rim
Root_length: 1005
R_I: 0.01702069206230285
R_D: 0.04294523043839677
A_I: 1.164636583627064
A_D: 1.4065556506506138
SEED: 370241