Model: rim
Root_length: 162
R_I: 0.010853699716274121
R_D: 0.019960448653921683
A_I: 1.4562300609978223
A_D: 1.9383209872121065
SEED: 976642