Model: rim
Root_length: 162
R_I: 0.021707399432548243
R_D: 0.039920897307843366
A_I: 1.4562300609978223
A_D: 1.9383209872121065
SEED: 976642