Model: rim
Root_length: 1059
R_I: 0.0004916744354685497
R_D: 0.0006733359732077651
A_I: 1.0063373238996776
A_D: 1.6890540572513335
SEED: 597736