Model: rim
Root_length: 534
R_I: 0.007781570266323207
R_D: 0.0016108835313158936
A_I: 1.8367101194606161
A_D: 1.9550773735754303
SEED: 335086