Model: sim
Root_length: 185
R_ID: 0.020611285881472187
A_ID: 1.6840983546586359
SEED: 632554