Model: RIM
Root_length: 526
R_I: 0.009432335707336098
R_D: 0.002829241499426682
A_I: 1.7670076612793297
A_D: 1.6236221235285475