Model: rim
Root_length: 975
R_I: 0.010624764252202542
R_D: 0.010372273998333837
A_I: 1.8511548922022834
A_D: 1.3660218430684057
SEED: 356664