Model: rim
Root_length: 377
R_I: 0.000408512485838641
R_D: 0.0035615772742534696
A_I: 1.4433129098533415
A_D: 1.0967611304329008
SEED: 474845