Model: RIM
Root_length: 112
R_I: 0.018791709431115824
R_D: 0.01363380785999286
A_I: 1.5823570198675718
A_D: 1.4789661722611052