Model: rim
Root_length: 393
R_I: 0.011749789009451915
R_D: 0.03148819988849219
A_I: 1.2139396418654316
A_D: 1.1002438513971742
SEED: 739729