Model: rim
Root_length: 1023
R_I: 0.014249094754094811
R_D: 0.0023304291706817606
A_I: 1.7096567485517653
A_D: 1.8636185061005426
SEED: 99699