Model: rim
Root_length: 1023
R_I: 0.028498189508189622
R_D: 0.004660858341363521
A_I: 1.7096567485517653
A_D: 1.8636185061005426
SEED: 99699