Model: rim
Root_length: 298
R_I: 0.0018000555524386981
R_D: 0.0077182806474484006
A_I: 1.1156352901578583
A_D: 1.6601918400643796
SEED: 783559