Model: sim
Root_length: 124
R_ID: 0.022688157964295682
A_ID: 2.3789679149868386
SEED: 897119