Model: sim
Root_length: 262
R_ID: 0.001119812136366957
A_ID: 2.544480658897217
SEED: 786793