Model: sim
R_ID: 0.09887959783669986
A_ID: 1.8617426503574694
SEED: 288014