Model: sim
R_ID: 0.012394255317322094
A_ID: 1.9304953054688885
SEED: 130710