Model: sim
Root_length: 177
R_ID: 0.059050426305834965
A_ID: 2.5354527878160917
SEED: 468780