Model: sim
Root_length: 119
R_ID: 0.0026394795943988627
A_ID: 2.5734347266636814
SEED: 776784