Model: rim
Root_length: 444
R_I: 0.0007607813572379328
R_D: 0.0002715390687582259
A_I: 2.5117547361206674
A_D: 2.587603449615507
SEED: 42568