Model: rim
Root_length: 644
R_I: 0.02914055327230422
R_D: 0.009266395209923783
A_I: 1.079487953224311
A_D: 1.2047469368262382
SEED: 592619