Model: rim
Root_length: 292
R_I: 0.0095476488964997
R_D: 0.040149629252457374
A_I: 1.5351854884872276
A_D: 1.8814240034864391
SEED: 763550