Model: rim
Root_length: 644
R_I: 0.05828110654460844
R_D: 0.018532790419847567
A_I: 1.079487953224311
A_D: 1.2047469368262382
SEED: 592619