Model: sim
Root_length: 573
R_ID: 0.022128078338052595
A_ID: 1.0305436380379633
SEED: 685766