Model: sim
Root_length: 497
R_ID: 0.01672691569772491
A_ID: 1.8788627397499198
SEED: 626333