Model: sim
Root_length: 662
R_ID: 0.048741826721049625
A_ID: 1.2147271670513489
SEED: 228099