Model: rim
Root_length: 255
R_I: 0.01188986146481277
R_D: 0.0025135070381889124
A_I: 1.3838562296347072
A_D: 1.613197138200901
SEED: 87458