Model: sim
Root_length: 247
R_ID: 0.0011837229961358959
A_ID: 2.6072152038163967
SEED: 843676