Model: rim
Root_length: 242
R_I: 0.0011476873870062626
R_D: 0.0003654641836368503
A_I: 1.0907274496076305
A_D: 2.488369258447123
SEED: 815834