Model: rim
R_I: 0.0016669398353348292
R_D: 0.006710970425510111
A_I: 2.367746837732103
A_D: 1.5081517764064434
SEED: 980738