Model: sim
Root_length: 1003
R_ID: 0.0017704111926046707
A_ID: 1.9670165540729014
SEED: 941261