Model: RIM
Root_length: 121
R_I: 0.016322621259282796
R_D: 0.017558043088621328
A_I: 1.5095261555037203
A_D: 1.6319954642830843