Model: sim
Root_length: 374
R_ID: 0.040626124256668825
A_ID: 1.4490110146213664
SEED: 70673