Model: sim
Root_length: 374
R_ID: 0.020313062128334412
A_ID: 1.4490110146213664
SEED: 70673