Model: sim
Root_length: 883
R_ID: 0.044854455359404966
A_ID: 1.6043544942973669
SEED: 764801