Model: SIM
Root_length: 352
R_ID: 0.03803277367567319
A_ID: 1.263399185682857