Model: sim
Root_length: 348
R_ID: 0.03965518343125743
A_ID: 1.0414026881691105
SEED: 212980