Model: sim
Root_length: 736
R_ID: 0.013990322018151903
A_ID: 1.6413490501925836
SEED: 94126