Model: sim
Root_length: 985
R_ID: 0.010074438153011773
A_ID: 1.7208520574487627
SEED: 305200