Model: sim
Root_length: 167
R_ID: 0.004579036402117398
A_ID: 1.984964574120075
SEED: 466206