Model: RIM
Root_length: 116
R_I: 0.005100997938743094
R_D: 0.014657268201812446
A_I: 1.5523512132962274
A_D: 1.6837307121629033