Model: rim
Root_length: 149
R_I: 0.0006854136425261299
R_D: 0.0018712562072095355
A_I: 1.0417380803885874
A_D: 1.9327127739727796
SEED: 503405