Model: rim
Root_length: 149
R_I: 0.0013708272850522598
R_D: 0.003742512414419071
A_I: 1.0417380803885874
A_D: 1.9327127739727796
SEED: 503405