Model: rim
Root_length: 143
R_I: 0.018284363496851648
R_D: 0.022136913289304283
A_I: 1.3140825141002006
A_D: 1.5933268601236144
SEED: 435405