Model: sim
Root_length: 1096
R_ID: 0.00583214895002466
A_ID: 1.4090492647558905
SEED: 737069