Model: sim
Root_length: 352
R_ID: 0.037128300744661884
A_ID: 2.107518177814659
SEED: 341854