Model: rim
R_I: 0.005381997740449236
R_D: 0.015000367134817654
A_I: 2.537058580062375
A_D: 1.6038961788408774
SEED: 539127