Model: rim
Root_length: 396
R_I: 0.0011380376144893261
R_D: 0.0011945009861669858
A_I: 1.087401278389708
A_D: 1.7645133993415665
SEED: 128866