Model: sim
Root_length: 378
R_ID: 0.02400598146367372
A_ID: 2.3717757550548866
SEED: 589077