Model: sim
Root_length: 1013
R_ID: 0.01605371360802694
A_ID: 1.9567334714260447
SEED: 16138