Model: sim
Root_length: 1013
R_ID: 0.00802685680401347
A_ID: 1.9567334714260447
SEED: 16138