Model: sim
Root_length: 318
R_ID: 0.0015915363368748717
A_ID: 2.572464556811794
SEED: 701625