Model: sim
Root_length: 220
R_ID: 0.053244371770432765
A_ID: 2.110878747648763
SEED: 698623