Model: rim
R_I: 0.0027850194964211647
R_D: 0.0007286708308806042
A_I: 2.057620075604115
A_D: 1.5110979922383247
SEED: 142487