Model: rim
Root_length: 338
R_I: 0.04328017636254276
R_D: 0.05118814445737316
A_I: 2.5026817098250005
A_D: 2.630259736161066
SEED: 787354