Model: rim
Root_length: 152
R_I: 0.005788080542765497
R_D: 0.013301273238202474
A_I: 2.720330026036561
A_D: 2.7131990004048205
SEED: 581756