Model: rim
Root_length: 170
R_I: 0.0002581718834691354
R_D: 0.0008479557676201579
A_I: 1.3774860094144152
A_D: 1.5248499314584938
SEED: 208780