Model: sim
Root_length: 412
R_ID: 0.008787493165977366
A_ID: 1.493853346947986
SEED: 463606