Model: rim
R_I: 0.008749638615595058
R_D: 0.03450057158983349
A_I: 1.489988978253841
A_D: 1.3629962868057024
SEED: 758575