Model: rim
Root_length: 420
R_I: 0.030530114026495025
R_D: 0.014253504669889908
A_I: 1.6001379268396614
A_D: 1.4707227213879555
SEED: 420504