Model: rim
Root_length: 582
R_I: 0.0018278932197032314
R_D: 0.0020592394715844113
A_I: 1.6752723113367485
A_D: 1.0284444519618325
SEED: 98352