Model: rim
Root_length: 420
R_I: 0.06106022805299005
R_D: 0.028507009339779815
A_I: 1.6001379268396614
A_D: 1.4707227213879555
SEED: 420504