Model: rim
Root_length: 1009
R_I: 0.005097556446770201
R_D: 0.006382734060372399
A_I: 1.7809988459634267
A_D: 1.0330842323121587
SEED: 789202