Model: rim
Root_length: 425
R_I: 0.03291964817538916
R_D: 0.00372773067389871
A_I: 1.7608534543117036
A_D: 1.980713343083599
SEED: 611224