Model: rim
Root_length: 372
R_I: 0.008095160798710616
R_D: 0.0329883820450585
A_I: 1.5520731055376311
A_D: 1.2075781895846902
SEED: 851595