Model: rim
Root_length: 372
R_I: 0.01619032159742123
R_D: 0.065976764090117
A_I: 1.5520731055376311
A_D: 1.2075781895846902
SEED: 851595