Model: RIM
Root_length: 405
R_I: 0.004244328677072962
R_D: 0.008361854286619811
A_I: 1.3588035430363312
A_D: 1.6565412889129916