Model: sim
Root_length: 743
R_ID: 0.04249715320803993
A_ID: 1.6586485381539258
SEED: 416726