Model: sim
Root_length: 1022
R_ID: 0.00825886000653575
A_ID: 1.1997934974768232
SEED: 394186