Model: rim
Root_length: 1059
R_I: 0.0009833488709370993
R_D: 0.0013466719464155302
A_I: 1.0063373238996776
A_D: 1.6890540572513335
SEED: 597736