Model: RIM
Root_length: 297
R_I: 0.008205170247245248
R_D: 0.0026320515978204397
A_I: 1.4480123232466462
A_D: 1.5104820050967993