Model: rim
Root_length: 311
R_I: 0.0021236723416339317
R_D: 0.0014876090353835067
A_I: 1.3684398747778332
A_D: 1.9687252016171464
SEED: 590654