Model: sim
Root_length: 255
R_ID: 0.026976221316944056
A_ID: 1.546585558187529
SEED: 736769