Model: rim
Root_length: 335
R_I: 0.0029466951819518148
R_D: 0.0034169602578078156
A_I: 1.5015815669297643
A_D: 1.9704587854792601
SEED: 250311