Model: rim
Root_length: 399
R_I: 0.014068885402178256
R_D: 0.006932235205651188
A_I: 1.5476219580215376
A_D: 1.1438306466327153
SEED: 754315