Model: rim
Root_length: 399
R_I: 0.02813777080435651
R_D: 0.013864470411302376
A_I: 1.5476219580215376
A_D: 1.1438306466327153
SEED: 754315