Model: sim
Root_length: 339
R_ID: 0.0015817559266756063
A_ID: 1.3907897376200258
SEED: 558245