Model: sim
Root_length: 350
R_ID: 0.0022065279116907405
A_ID: 2.7757645126442183
SEED: 858137