Model: rim
R_I: 0.000261177866230908
R_D: 0.0016155860684660638
A_I: 1.5810375069306493
A_D: 2.1921565110442742
SEED: 21167