Model: rim
Root_length: 297
R_I: 0.0012030879692775647
R_D: 0.002489309655546663
A_I: 2.4752025690784865
A_D: 2.2696561800853114
SEED: 831837