Model: RIM
Root_length: 233
R_I: 0.025501611199525983
R_D: 0.005417740464614296
A_I: 1.450191341788759
A_D: 1.5637325542188072