Model: rim
Root_length: 257
R_I: 0.004875516034825922
R_D: 0.04167816480542968
A_I: 1.3847506424305671
A_D: 1.9940603246614121
SEED: 447120