Model: rim
Root_length: 112
R_I: 0.004557792671715496
R_D: 0.044577979477957295
A_I: 1.3620625262583785
A_D: 1.1032044136332537
SEED: 588178