Model: sim
Root_length: 120
R_ID: 0.0015493599947171569
A_ID: 1.138682480780584
SEED: 338044