Model: sim
R_ID: 0.005102085808758018
A_ID: 1.5192612645753212
SEED: 976401