Model: rim
Root_length: 87
R_I: 0.0007853737745501183
R_D: 0.0002706397100678604
A_I: 2.7031112809870175
A_D: 2.576661363653743
SEED: 154203