Model: rim
Root_length: 259
R_I: 0.0008308963678742677
R_D: 0.0039722471582295405
A_I: 2.5711209104859254
A_D: 1.565671124454027
SEED: 693414