Model: sim
Root_length: 230
R_ID: 0.043918078701285355
A_ID: 1.258312525101237
SEED: 387388