Model: sim
Root_length: 774
R_ID: 0.010603395232957575
A_ID: 1.1840726291416392
SEED: 707333