Model: sim
Root_length: 88
R_ID: 0.010462362950763644
A_ID: 1.5464340446744957
SEED: 189211