Model: sim
Root_length: 88
R_ID: 0.02092472590152729
A_ID: 1.5464340446744957
SEED: 189211