Model: RIM
Root_length: 443
R_I: 0.00026229265965739253
R_D: 0.0002817620913333957
A_I: 1.522030975331287
A_D: 1.5041890957669708