Model: rim
Root_length: 813
R_I: 0.004156122529393853
R_D: 0.0035662208659389
A_I: 1.0794117191211698
A_D: 1.2588010616468175
SEED: 867917