Model: rim
Root_length: 946
R_I: 0.0016144839070565868
R_D: 0.007157208058974062
A_I: 1.8562349009427006
A_D: 1.0233600929468396
SEED: 417659