Model: rim
Root_length: 606
R_I: 0.006701120929509421
R_D: 0.005234186966852816
A_I: 1.2927765033537513
A_D: 1.283442201489565
SEED: 923765