Model: sim
Root_length: 332
R_ID: 0.002782900086937483
A_ID: 1.1768924810304435
SEED: 306617