Model: rim
Root_length: 208
R_I: 0.00046281507772829417
R_D: 0.0011555225571860317
A_I: 2.394340723737523
A_D: 2.7853896667610174
SEED: 248679