Model: sim
Root_length: 432
R_ID: 0.0017115239888882497
A_ID: 1.4026023948709376
SEED: 939502