Model: sim
R_ID: 0.001004999347623584
A_ID: 1.2816134591238637
SEED: 351253