Model: rim
R_I: 0.03285070748001105
R_D: 0.026303416129668883
A_I: 1.2505038991511706
A_D: 2.3014349044336444
SEED: 651131