Model: rim
Root_length: 292
R_I: 0.0026626523057886597
R_D: 0.013941163154804311
A_I: 1.9882011103653139
A_D: 1.9174592578485314
SEED: 732340