Model: sim
Root_length: 133
R_ID: 0.0010146032185346866
A_ID: 2.0873521319947375
SEED: 853875