Model: rim
Root_length: 153
R_I: 0.03561605530668209
R_D: 0.020266987156947015
A_I: 2.460814342181524
A_D: 1.3698378246890983
SEED: 93909