Model: rim
Root_length: 307
R_I: 0.06925585305713651
R_D: 0.015396946250309629
A_I: 1.9909734033147584
A_D: 1.6403301234213288
SEED: 252029