Model: sim
Root_length: 110
R_ID: 0.0023212333195262434
A_ID: 2.204898549939153
SEED: 941476