Model: sim
Root_length: 444
R_ID: 0.0021090342996145503
A_ID: 1.437927619453406
SEED: 370191