Model: sim
R_ID: 0.03813990508529731
A_ID: 1.4211308363356574
SEED: 309271