Model: sim
Root_length: 141
R_ID: 0.009409822325022571
A_ID: 1.919007543750978
SEED: 368584