Model: rim
R_I: 0.0008544170684345754
R_D: 0.0004980896775974065
A_I: 2.422003809685357
A_D: 1.1137628100259052
SEED: 431296