Model: rim
Root_length: 445
R_I: 0.02407335155669059
R_D: 0.005709882799110721
A_I: 1.540783481659392
A_D: 1.7110801896934853
SEED: 450916