Model: rim
Root_length: 490
R_I: 0.006887721174967176
R_D: 0.004815240597530376
A_I: 2.017813007437905
A_D: 1.239072899417817
SEED: 288093