Model: sim
Root_length: 145
R_ID: 0.04754297017194761
A_ID: 1.4403734366746626
SEED: 989001