Model: SIM
Root_length: 511
R_ID: 0.03771722481450621
A_ID: 1.593256880120164