Model: sim
Root_length: 1044
R_ID: 0.0024061969040779342
A_ID: 1.0903255226430946
SEED: 55890