Model: sim
Root_length: 844
R_ID: 0.022403873567782635
A_ID: 1.5649138778149232
SEED: 459953