Model: sim
Root_length: 106
R_ID: 0.011134046954085042
A_ID: 1.6156428350011982
SEED: 548668