Model: sim
Root_length: 1030
R_ID: 0.019672588101682677
A_ID: 1.1770183602612083
SEED: 225062