Model: sim
Root_length: 494
R_ID: 0.04937449817339222
A_ID: 1.624039582964365
SEED: 996597