Model: SIM
Root_length: 176
R_ID: 0.023133290869782202
A_ID: 1.4838139955184224