Model: rim
Root_length: 1046
R_I: 0.0005494115074006704
R_D: 0.0030925254902201614
A_I: 1.6351095704031386
A_D: 1.2961263436901074
SEED: 810242