Model: rim
Root_length: 1046
R_I: 0.0010988230148013408
R_D: 0.006185050980440323
A_I: 1.6351095704031386
A_D: 1.2961263436901074
SEED: 810242