Model: sim
R_ID: 0.0016893701500102776
A_ID: 2.0342776682179733
SEED: 413922