Model: sim
Root_length: 357
R_ID: 0.04543002502084116
A_ID: 1.2391940068713176
SEED: 844324