Model: sim
Root_length: 433
R_ID: 0.001321625866282666
A_ID: 1.5459961180037052
SEED: 670488