Model: rim
Root_length: 168
R_I: 0.0021000641499859763
R_D: 0.0007336283030696849
A_I: 1.2912657041141125
A_D: 2.43825665252257
SEED: 674804