Model: rim
Root_length: 495
R_I: 0.014541010116824118
R_D: 0.003966496262304057
A_I: 1.6419131465146966
A_D: 1.5978340075288031
SEED: 138597