Model: sim
Root_length: 494
R_ID: 0.019395734553949974
A_ID: 1.3068694513928998
SEED: 585767