Model: sim
Root_length: 997
R_ID: 0.018197892159558082
A_ID: 1.3158180772851213
SEED: 662708