Model: sim
Root_length: 494
R_ID: 0.03879146910789995
A_ID: 1.3068694513928998
SEED: 585767