Model: rim
Root_length: 151
R_I: 0.0011398892088048083
R_D: 0.005445795607995377
A_I: 1.0954759054696044
A_D: 1.6309138028165842
SEED: 402983