Model: sim
Root_length: 145
R_ID: 0.07974781760081466
A_ID: 1.8084420091281774
SEED: 989001