Model: sim
Root_length: 381
R_ID: 0.032776724551493684
A_ID: 1.0758955862647592
SEED: 227697