Model: rim
Root_length: 506
R_I: 0.0013347973342655584
R_D: 0.005398388798754816
A_I: 2.717369490250792
A_D: 1.6223423512226962
SEED: 31226