Model: rim
R_I: 0.001395379567402896
R_D: 0.009952430358078105
A_I: 2.154932533544999
A_D: 2.1208470493872733
SEED: 762239