Model: RIM
Root_length: 379
R_I: 0.011547617877818404
R_D: 0.004959182355052516
A_I: 1.296509963366483
A_D: 1.5548342788837852