Model: sim
Root_length: 381
R_ID: 0.011159843021802764
A_ID: 1.6163569946286067
SEED: 409459