Model: rim
R_I: 0.001012904342196461
R_D: 0.002097680281733975
A_I: 2.3986743282515635
A_D: 1.1154850594347248
SEED: 572017