Model: rim
Root_length: 492
R_I: 0.004485578880530854
R_D: 0.03189861273767555
A_I: 1.396475335534738
A_D: 1.0533082335989281
SEED: 953145