Model: sim
Root_length: 248
R_ID: 0.011010932823108383
A_ID: 1.8075739141118374
SEED: 620943