Model: sim
Root_length: 441
R_ID: 0.039714212052984386
A_ID: 2.3243715626065313
SEED: 712476