Model: rim
Root_length: 522
R_I: 0.009401637228629132
R_D: 0.0015270368761629478
A_I: 1.9724849282391341
A_D: 2.1001841016730602
SEED: 701405