Model: sim
Root_length: 355
R_ID: 0.02671529320844127
A_ID: 1.4141925878349209
SEED: 788887