Model: sim
Root_length: 351
R_ID: 0.06583346473243464
A_ID: 1.5929795615565872
SEED: 67187