Model: sim
R_ID: 0.041113352057318406
A_ID: 1.433431377683966
SEED: 120626