Model: RIM
Root_length: 510
R_I: 0.0018733892091231002
R_D: 0.0031382542395716495
A_I: 1.2948193416452434
A_D: 1.5006822228727608