Model: rim
Root_length: 738
R_I: 0.005356018137439708
R_D: 0.0019419259771475002
A_I: 1.24943490875645
A_D: 1.66404366553442
SEED: 675638