Model: rim
Root_length: 738
R_I: 0.010712036274879416
R_D: 0.0038838519542950005
A_I: 1.24943490875645
A_D: 1.66404366553442
SEED: 675638