Model: rim
Root_length: 270
R_I: 0.012376176925522335
R_D: 0.007367548707909104
A_I: 1.8675491991866726
A_D: 1.375945813671973
SEED: 966017