Model: sim
Root_length: 495
R_ID: 0.004383222204788876
A_ID: 2.298727263695567
SEED: 312137