Model: sim
Root_length: 274
R_ID: 0.0017321114626709612
A_ID: 1.3141095428105762
SEED: 12340