Model: sim
R_ID: 0.003979114192250032
A_ID: 1.917295511707311
SEED: 845855