Model: sim
Root_length: 229
R_ID: 0.003773006795365592
A_ID: 2.069621400638991
SEED: 973012