Model: rim
Root_length: 107
R_I: 0.0011277957917189443
R_D: 0.0015630421141449944
A_I: 2.3539432977180823
A_D: 2.6055448751325168
SEED: 129413