Model: sim
Root_length: 303
R_ID: 0.027579294908023723
A_ID: 1.247453307438724
SEED: 985113