Model: rim
R_I: 0.05499078494332002
R_D: 0.02491846093964517
A_I: 2.235135761033847
A_D: 2.214532533819039
SEED: 579755