Model: rim
Root_length: 1023
R_I: 0.0001870222528797389
R_D: 0.0007379800903926687
A_I: 1.764037903529938
A_D: 1.2592153177344825
SEED: 319809