Model: rim
Root_length: 986
R_I: 0.02443659567885303
R_D: 0.0040117254342032695
A_I: 1.1759190208201942
A_D: 1.0143960969433172
SEED: 900140