Model: RIM
Root_length: 377
R_I: 0.030040815554759417
R_D: 0.006876188624536447
A_I: 1.662406160237746
A_D: 1.56887702998039