Model: rim
Root_length: 277
R_I: 0.05813072757870967
R_D: 0.0107801553960105
A_I: 1.8817434676338198
A_D: 1.721886557644365
SEED: 450033