Model: rim
Root_length: 277
R_I: 0.029065363789354835
R_D: 0.00539007769800525
A_I: 1.8817434676338198
A_D: 1.721886557644365
SEED: 450033