Model: rim
Root_length: 335
R_I: 0.0014733475909759074
R_D: 0.0017084801289039078
A_I: 1.5015815669297643
A_D: 1.9704587854792601
SEED: 250311