Model: sim
Root_length: 228
R_ID: 0.09785278589646051
A_ID: 2.3326255556010906
SEED: 651694