Model: sim
Root_length: 322
R_ID: 0.0012301360185327475
A_ID: 2.4966241739634336
SEED: 390910