Model: rim
Root_length: 173
R_I: 0.00416835012168393
R_D: 0.0008393553312959283
A_I: 2.6357220181163052
A_D: 2.7702036117462137
SEED: 176779