Model: rim
R_I: 0.0009356546621913239
R_D: 0.00011177130728440178
A_I: 1.8007350991754043
A_D: 2.532695344136711
SEED: 495380