Model: rim
Root_length: 169
R_I: 0.0022342580698527853
R_D: 0.002397041382192426
A_I: 2.326980297119797
A_D: 2.6725880028849183
SEED: 28471