Model: rim
Root_length: 202
R_I: 0.01199325358446305
R_D: 0.03406339416731175
A_I: 1.2061140072489964
A_D: 2.1740816490481025
SEED: 723625