Model: rim
R_I: 0.006308688011815918
R_D: 0.001183646441402016
A_I: 1.2675672915369607
A_D: 1.1281333640782483
SEED: 112056