Model: sim
Root_length: 98
R_ID: 0.0013955972604179306
A_ID: 1.6200903343493755
SEED: 470915