Model: sim
Root_length: 163
R_ID: 0.007062808690358419
A_ID: 1.896724724486135
SEED: 411023