Model: RIM
Root_length: 404
R_I: 0.003677644751834736
R_D: 0.007985988187953505
A_I: 1.6190379461876818
A_D: 1.569527844400302