Model: rim
Root_length: 986
R_I: 0.04887319135770606
R_D: 0.008023450868406539
A_I: 1.1759190208201942
A_D: 1.0143960969433172
SEED: 900140