Model: sim
R_ID: 0.00261173207751632
A_ID: 2.079866816448588
SEED: 323919