Model: sim
Root_length: 192
R_ID: 0.004347011678000642
A_ID: 2.0846240390756368
SEED: 814185