Model: sim
Root_length: 353
R_ID: 0.08909104175138631
A_ID: 1.7874107063325977
SEED: 272144