Model: rim
Root_length: 210
R_I: 0.0006243878732452926
R_D: 0.00203233689663211
A_I: 1.1983551414012577
A_D: 1.1722752446338247
SEED: 828564