Model: rim
Root_length: 494
R_I: 0.022761512495189234
R_D: 0.05718555731568011
A_I: 1.782216050220558
A_D: 1.9908521874662972
SEED: 272394