Model: sim
Root_length: 670
R_ID: 0.004951508340839292
A_ID: 1.2528772030887236
SEED: 568584