Model: rim
Root_length: 320
R_I: 0.005353431230434837
R_D: 0.003731870723217772
A_I: 1.2010015397698504
A_D: 1.7237913431054241
SEED: 2024