Model: rim
R_I: 0.003978053956503682
R_D: 0.004818791265130358
A_I: 2.284267378798794
A_D: 2.5416702093408343
SEED: 620011