Model: rim
Root_length: 262
R_I: 0.0010403312086399105
R_D: 0.0004797923656947613
A_I: 1.4778740314718648
A_D: 2.0368460135075286
SEED: 628004