Model: rim
Root_length: 523
R_I: 0.025741102104610336
R_D: 0.005600747284396317
A_I: 2.308154670642562
A_D: 2.5376136342774824
SEED: 856223