Model: sim
Root_length: 322
R_ID: 0.0011177654100233783
A_ID: 2.1361045859719887
SEED: 68863