Model: rim
Root_length: 297
R_I: 0.004621130062160034
R_D: 0.009561581511100594
A_I: 1.8209030328674962
A_D: 1.703594827942632
SEED: 831837