Model: RIM
Root_length: 270
R_I: 0.009359638426413009
R_D: 0.025263891862585975
A_I: 1.6316320327296279
A_D: 1.6011261925033902