Model: sim
Root_length: 276
R_ID: 0.03024164668682853
A_ID: 1.9017258245162987
SEED: 394229