Model: sim
R_ID: 0.011294955580957706
A_ID: 1.6560063725864305
SEED: 692891