Model: sim
Root_length: 101
R_ID: 0.01757077808842203
A_ID: 2.7274480022685053
SEED: 860153