Model: rim
Root_length: 435
R_I: 0.004474660321486035
R_D: 0.000875512496675522
A_I: 2.510198102422125
A_D: 1.7616675291548531
SEED: 415616