Model: sim
Root_length: 193
R_ID: 0.008998120490348384
A_ID: 2.4775057573811408
SEED: 818954