Model: rim
R_I: 0.0031118348791259786
R_D: 0.005385246152955486
A_I: 1.1762982560880322
A_D: 1.4035827234978946
SEED: 218011