Model: rim
Root_length: 286
R_I: 0.0018681414709621844
R_D: 0.005773536516281662
A_I: 1.8746698389589085
A_D: 1.5952262860880313
SEED: 102539