Model: sim
Root_length: 187
R_ID: 0.006861554138583692
A_ID: 1.7959854122234455
SEED: 883704