Model: rim
Root_length: 272
R_I: 0.00030938415881157544
R_D: 0.0007066143120043359
A_I: 2.330216328153412
A_D: 2.3399507921142892
SEED: 573037