Model: RIM
R_I: 0.0023757403501596507
R_D: 0.0038522396759158944
A_I: 2.5034374688717214
A_D: 2.0047703931052205