Model: rim
Root_length: 234
R_I: 0.0007592814981542458
R_D: 0.0010660911446350638
A_I: 2.146187720974576
A_D: 2.5004375925581117
SEED: 282025