Model: rim
Root_length: 257
R_I: 0.006891754765484981
R_D: 0.057559159120102205
A_I: 1.505887641225708
A_D: 1.1072817051202921
SEED: 655076