Model: sim
R_ID: 0.0014637335940984304
A_ID: 2.349740613528729
SEED: 242313