Model: sim
Root_length: 487
R_ID: 0.048465504312285856
A_ID: 1.0501900358230642
SEED: 488378