Model: sim
Root_length: 662
R_ID: 0.04352319562986945
A_ID: 1.8257135142481618
SEED: 757432