Model: sim
Root_length: 889
R_ID: 0.0009491799498529603
A_ID: 1.3016254817377602
SEED: 251956