Model: sim
Root_length: 325
R_ID: 0.013902629250333438
A_ID: 1.8691780288634403
SEED: 499724