Model: rim
Root_length: 393
R_I: 0.02349957801890383
R_D: 0.06297639977698438
A_I: 1.2139396418654316
A_D: 1.1002438513971742
SEED: 739729