Model: sim
Root_length: 472
R_ID: 0.02357944597896283
A_ID: 1.7652169074191422
SEED: 712011