Model: sim
Root_length: 971
R_ID: 0.005921167225607766
A_ID: 1.9891636746535686
SEED: 230545