Model: sim
Root_length: 472
R_ID: 0.011789722989481414
A_ID: 1.7652169074191422
SEED: 712011