Model: sim
Root_length: 633
R_ID: 0.013367276900583147
A_ID: 1.670419768308291
SEED: 577118