Model: sim
Root_length: 328
R_ID: 0.008790082972436384
A_ID: 1.5273704998255526
SEED: 664636