Model: rim
Root_length: 496
R_I: 0.004587208432094422
R_D: 0.007406160041294119
A_I: 1.2352450405647424
A_D: 1.2812934546541157
SEED: 781905