Model: sim
Root_length: 307
R_ID: 0.010546863488912499
A_ID: 1.1526716070647693
SEED: 669373