Model: sim
R_ID: 0.015700734255684294
A_ID: 2.395619238716791
SEED: 352803