Model: RIM
Root_length: 220
R_I: 0.013434151783358097
R_D: 0.016470024656965107
A_I: 1.5422253789604519
A_D: 1.5319050807132384