Model: sim
Root_length: 229
R_ID: 0.014417189684670534
A_ID: 1.5894321758312
SEED: 973012