Model: sim
Root_length: 200
R_ID: 0.01944186534505052
A_ID: 1.1902322872380917
SEED: 210448