Model: sim
Root_length: 519
R_ID: 0.013936407787142543
A_ID: 1.5118936194931356
SEED: 999356