Model: rim
Root_length: 292
R_I: 0.004891931888336661
R_D: 0.025613265558264896
A_I: 1.5429644750690934
A_D: 1.50259110839283
SEED: 732340