Model: SIM
Root_length: 175
R_ID: 0.03246424377607772
A_ID: 1.825006421658476