Model: rim
Root_length: 292
R_I: 0.0190952977929994
R_D: 0.08029925850491475
A_I: 1.5351854884872276
A_D: 1.8814240034864391
SEED: 763550