Model: RIM
Root_length: 189
R_I: 0.0023987341406727387
R_D: 0.007615659177604912
A_I: 1.4614131679697908
A_D: 1.3596113458121712