Model: rim
Root_length: 403
R_I: 0.011348615147847112
R_D: 0.003033618654404737
A_I: 1.8155362886362947
A_D: 1.527993607682232
SEED: 757807