Model: rim
Root_length: 409
R_I: 0.002853422766762934
R_D: 0.01600123874968557
A_I: 1.1423818663610135
A_D: 1.0048538136184335
SEED: 343196