Model: sim
Root_length: 121
R_ID: 0.02002397891047283
A_ID: 1.376049219985812
SEED: 837420