Model: RIM
Root_length: 202
R_I: 0.025044507675627714
R_D: 0.008753735411780308
A_I: 1.6639513373881285
A_D: 1.476577734635234