Model: rim
Root_length: 612
R_I: 0.009514299992767476
R_D: 0.04098376056046471
A_I: 1.6248833036439922
A_D: 1.9308655659339018
SEED: 478840