Model: rim
Root_length: 504
R_I: 0.02672924121261111
R_D: 0.03601263465996962
A_I: 1.774150707436536
A_D: 1.980406410497046
SEED: 643382