Model: rim
Root_length: 187
R_I: 0.0013272593748265998
R_D: 0.00037279148156156274
A_I: 2.4897290930188776
A_D: 1.5611325308445283
SEED: 190762