Model: rim
R_I: 0.0762262676219285
R_D: 0.012662595622178151
A_I: 2.4699228109554068
A_D: 2.653558946318915
SEED: 409038