Model: rim
Root_length: 128
R_I: 0.0017800138733154516
R_D: 0.002436357962495468
A_I: 1.9861508803275252
A_D: 2.6484642276048405
SEED: 137718