Model: sim
R_ID: 0.009857417916802298
A_ID: 1.6879269723344477
SEED: 695818