Model: sim
Root_length: 463
R_ID: 0.052633983226753285
A_ID: 1.967026827986649
SEED: 228742