Model: sim
Root_length: 228
R_ID: 0.010613756344629193
A_ID: 1.6859563639039115
SEED: 403427