Model: sim
Root_length: 199
R_ID: 0.03233862467344898
A_ID: 2.613828919570828
SEED: 491293