Model: sim
Root_length: 255
R_ID: 0.01199634239353522
A_ID: 1.9945459398656489
SEED: 736769