Model: rim
Root_length: 403
R_I: 0.0011167173042840762
R_D: 0.0012447803165053617
A_I: 2.468294026994646
A_D: 2.7570982343847543
SEED: 847129