Model: rim
R_I: 0.024053272704481196
R_D: 0.0625019985642193
A_I: 2.6676139739638947
A_D: 1.615995208420859
SEED: 899832