Model: sim
Root_length: 537
R_ID: 0.020575879281658615
A_ID: 2.2842101144484923
SEED: 329139