Model: sim
Root_length: 318
R_ID: 0.02408769631404434
A_ID: 1.1910287651046425
SEED: 755950