Model: sim
Root_length: 221
R_ID: 0.012245581834778741
A_ID: 1.579309644963565
SEED: 535159