Model: rim
Root_length: 972
R_I: 0.010042619984745947
R_D: 0.01550725886590746
A_I: 1.1826222022557666
A_D: 1.9377883025884488
SEED: 573053