Model: rim
Root_length: 972
R_I: 0.020085239969491894
R_D: 0.03101451773181492
A_I: 1.1826222022557666
A_D: 1.9377883025884488
SEED: 573053