Model: rim
Root_length: 112
R_I: 0.002278896335857748
R_D: 0.022288989738978648
A_I: 1.3620625262583785
A_D: 1.1032044136332537
SEED: 588178