Model: rim
Root_length: 352
R_I: 0.017839211878553217
R_D: 0.04332354855957406
A_I: 2.0778971945709745
A_D: 1.7511533820991405
SEED: 275762