Model: rim
Root_length: 211
R_I: 0.0010718946509672917
R_D: 0.004043986977453259
A_I: 1.9053114114289929
A_D: 2.2462845124261897
SEED: 824192