Model: rim
Root_length: 517
R_I: 0.002658909106842869
R_D: 0.0003661975454050826
A_I: 2.4471654128628355
A_D: 1.2774095985693696
SEED: 465971