Model: sim
R_ID: 0.041931060096443436
A_ID: 2.0683602404123875
SEED: 627437