Model: sim
Root_length: 115
R_ID: 0.08609859292742328
A_ID: 1.8678874905916882
SEED: 772187