Model: sim
Root_length: 97
R_ID: 0.0026962663597640785
A_ID: 1.4102458060770047
SEED: 79915