Model: sim
Root_length: 222
R_ID: 0.0481099447708481
A_ID: 1.735107098196361
SEED: 500024