Model: rim
R_I: 0.04450960409791707
R_D: 0.006952960536530425
A_I: 2.696333727622288
A_D: 2.168897568067104
SEED: 560539