Model: RIM
Root_length: 250
R_I: 0.006012753293723735
R_D: 0.01981727505163983
A_I: 1.5373511405618583
A_D: 1.2124457030701121