Model: rim
Root_length: 259
R_I: 0.0029474297036171885
R_D: 0.014090709403662204
A_I: 1.875644974601391
A_D: 1.3018206903644782
SEED: 693414