Model: rim
Root_length: 287
R_I: 0.0005968746518774893
R_D: 0.002215143833668811
A_I: 1.0600674516224344
A_D: 2.7116031739547584
SEED: 179113