Model: sim
R_ID: 0.0722505360012447
A_ID: 2.426616257578718
SEED: 440357