Model: sim
Root_length: 163
R_ID: 0.006033418598816258
A_ID: 2.0945800985062535
SEED: 186501