Model: rim
Root_length: 200
R_I: 0.007488306482636968
R_D: 0.003986208130171584
A_I: 1.0390547302316033
A_D: 2.6382160452405623
SEED: 47772