Model: rim
Root_length: 403
R_I: 0.019983961656865487
R_D: 0.003340054073168877
A_I: 1.3705700074157352
A_D: 1.4141354228331005
SEED: 622371