Model: RIM
Root_length: 426
R_I: 0.0025129255280598208
R_D: 0.002603651440232759
A_I: 1.5394082455003277
A_D: 1.4685717533988318