Model: rim
Root_length: 429
R_I: 0.004049668926776033
R_D: 0.0021683164153707764
A_I: 1.8749657150228094
A_D: 1.4099616955749132
SEED: 371451