Model: rim
Root_length: 645
R_I: 0.05157536647114342
R_D: 0.012114344262925323
A_I: 1.4965666695891426
A_D: 1.495636482550792
SEED: 702139