Model: rim
Root_length: 629
R_I: 0.0023498534955468577
R_D: 0.002149212484801731
A_I: 1.8269631239668591
A_D: 1.0668695762595792
SEED: 488363