Model: rim
Root_length: 645
R_I: 0.02578768323557171
R_D: 0.0060571721314626615
A_I: 1.4965666695891426
A_D: 1.495636482550792
SEED: 702139