Model: RIM
Root_length: 435
R_I: 0.008034749992881054
R_D: 0.006696478642005332
A_I: 1.4712287140032174
A_D: 1.5914613649956655