Model: rim
Root_length: 347
R_I: 0.05018019628872948
R_D: 0.022173515381372855
A_I: 1.4910843589244545
A_D: 1.0226174021714893
SEED: 514569