Model: rim
Root_length: 762
R_I: 0.021740025316301214
R_D: 0.007677070294536243
A_I: 1.4196944705704884
A_D: 1.0334591576743477
SEED: 127084