Model: sim
Root_length: 442
R_ID: 6.253418332634597e-05
A_ID: 1.3156607597344105
SEED: 199789