Model: RIM
Root_length: 323
R_I: 0.021641400068089407
R_D: 0.01665263839134666
A_I: 1.5537319262285478
A_D: 1.506824207999191