Model: sim
Root_length: 361
R_ID: 0.048987340090767884
A_ID: 1.5715084510624644
SEED: 814076