Model: rim
Root_length: 629
R_I: 0.0046997069910937155
R_D: 0.004298424969603462
A_I: 1.8269631239668591
A_D: 1.0668695762595792
SEED: 488363