Model: rim
Root_length: 612
R_I: 0.004757149996383738
R_D: 0.020491880280232355
A_I: 1.6248833036439922
A_D: 1.9308655659339018
SEED: 478840