Model: rim
Root_length: 920
R_I: 0.0007609140031995537
R_D: 0.0020331158300938897
A_I: 1.329832299136564
A_D: 1.9548106976000743
SEED: 288715