Model: rim
Root_length: 920
R_I: 0.00038045700159977685
R_D: 0.0010165579150469449
A_I: 1.329832299136564
A_D: 1.9548106976000743
SEED: 288715