Model: sim
Root_length: 326
R_ID: 0.022621154577673677
A_ID: 1.8813040048691607
SEED: 746871