Model: rim
Root_length: 820
R_I: 0.01778387864329613
R_D: 0.004628917869802444
A_I: 1.032200335422762
A_D: 1.9356255064811294
SEED: 239678