Model: rim
Root_length: 390
R_I: 0.006188751762575923
R_D: 0.018189169941371888
A_I: 1.4823558047716177
A_D: 1.8330809443721048
SEED: 197431