Model: rim
Root_length: 820
R_I: 0.03556775728659226
R_D: 0.009257835739604888
A_I: 1.032200335422762
A_D: 1.9356255064811294
SEED: 239678