Model: rim
R_I: 0.0008263661710034417
R_D: 0.0035389210053668567
A_I: 2.3343268405732793
A_D: 1.2710848148623228
SEED: 764701