Model: rim
Root_length: 287
R_I: 0.03943318983501329
R_D: 0.04707593478878615
A_I: 1.5942967398025962
A_D: 2.7754780071699567
SEED: 735448