Model: rim
Root_length: 211
R_I: 0.00027842232293078103
R_D: 0.0019999068283979233
A_I: 1.0694820087986576
A_D: 1.8163749764309487
SEED: 950348