Model: sim
Root_length: 129
R_ID: 0.021333752573572725
A_ID: 1.1924562885924552
SEED: 994659