Model: SIM
Root_length: 445
R_ID: 0.014226514698468539
A_ID: 1.636127090421476