Model: sim
Root_length: 502
R_ID: 0.0192454684070112
A_ID: 1.3555315762375817
SEED: 60016