Model: sim
Root_length: 502
R_ID: 0.0384909368140224
A_ID: 1.3555315762375817
SEED: 60016