Model: SIM
Root_length: 174
R_ID: 0.027625592813716862
A_ID: 1.5692787656287792