Model: rim
Root_length: 125
R_I: 0.06622347876784916
R_D: 0.006893451866397754
A_I: 1.8735412884280156
A_D: 1.5389901370275316
SEED: 260212