Model: sim
R_ID: 0.024208775542178318
A_ID: 2.3376472115454194
SEED: 802581