Model: sim
Root_length: 189
R_ID: 0.030889509031647305
A_ID: 2.662029876819179
SEED: 638315