Model: rim
Root_length: 128
R_I: 0.0021672980051884883
R_D: 0.011748511927780762
A_I: 2.3408393500684594
A_D: 2.6128257074242716
SEED: 772620