Model: rim
Root_length: 226
R_I: 0.006314085066303592
R_D: 0.014116241207191411
A_I: 2.428435186438243
A_D: 2.6074986657959425
SEED: 503462