Model: rim
R_I: 0.009052262681796559
R_D: 0.021588508809377786
A_I: 2.3913754281988435
A_D: 1.410844220731899
SEED: 400032