Model: rim
Root_length: 446
R_I: 0.017429731917929046
R_D: 0.02922850702494532
A_I: 1.3853719219282885
A_D: 2.079147391334538
SEED: 462332