Model: sim
Root_length: 323
R_ID: 0.09360396308636156
A_ID: 2.547623828718644
SEED: 146523