Model: sim
Root_length: 439
R_ID: 0.02354471906840906
A_ID: 2.615149378471004
SEED: 229770