Model: sim
Root_length: 187
R_ID: 0.020910562358291564
A_ID: 1.433264282242301
SEED: 883704