Model: rim
Root_length: 476
R_I: 0.000325532198095016
R_D: 0.002168171381742236
A_I: 2.052377160975696
A_D: 2.6783242674209564
SEED: 822654