Model: rim
Root_length: 192
R_I: 0.0013683940082960429
R_D: 0.001329197265341005
A_I: 1.929313459747358
A_D: 1.7591151062138228
SEED: 976018