Model: rim
Root_length: 214
R_I: 0.0036167669774548467
R_D: 0.03157012567110498
A_I: 1.106398586907126
A_D: 2.2507204633975366
SEED: 445414