Model: rim
R_I: 0.0005672076122210353
R_D: 0.00428911690946648
A_I: 1.3925172176203489
A_D: 1.2802266953472896
SEED: 578083