Model: SIM
Root_length: 269
R_ID: 0.026987282216471117
A_ID: 1.751707023169515