Model: sim
Root_length: 512
R_ID: 0.007079711927763511
A_ID: 1.2486781746491644
SEED: 854156