Model: sim
Root_length: 512
R_ID: 0.0035398559638817554
A_ID: 1.2486781746491644
SEED: 854156