Model: RIM
Root_length: 436
R_I: 0.02347602159949504
R_D: 0.012274833534353071
A_I: 1.698078132769987
A_D: 1.497334741270672