Model: rim
Root_length: 115
R_I: 0.05727303113648744
R_D: 0.006729107453907097
A_I: 1.523579680113599
A_D: 1.7293457537521348
SEED: 23370