Model: SIM
Root_length: 379
R_ID: 0.008277630490057957
A_ID: 1.6426900993265627