Model: sim
Root_length: 770
R_ID: 0.028423087718016805
A_ID: 1.67287920468204
SEED: 586328