Model: sim
Root_length: 770
R_ID: 0.014211543859008403
A_ID: 1.67287920468204
SEED: 586328