Model: sim
Root_length: 271
R_ID: 0.0016726113304799985
A_ID: 2.520321330870674
SEED: 25287