Model: sim
Root_length: 394
R_ID: 0.07499477885338746
A_ID: 2.037623711670494
SEED: 306316