Model: sim
Root_length: 133
R_ID: 0.052941025628366764
A_ID: 2.258018547283071
SEED: 299686