Model: rim
R_I: 0.023233260923838442
R_D: 0.06691973176700965
A_I: 1.2283447894021413
A_D: 1.8830643680399435
SEED: 158905