Model: rim
Root_length: 287
R_I: 0.0023826973939083617
R_D: 0.008842756888758248
A_I: 1.0132655882592216
A_D: 1.9558201712177514
SEED: 179113