Model: sim
Root_length: 226
R_ID: 0.029146575278369453
A_ID: 1.4773496554267505
SEED: 747244