Model: sim
Root_length: 249
R_ID: 0.009240757435784534
A_ID: 1.3959441070020844
SEED: 424462