Model: sim
Root_length: 81
R_ID: 0.047679783617882596
A_ID: 1.8119025123409735
SEED: 408233