Model: sim
R_ID: 0.007541094955889016
A_ID: 2.324697438502586
SEED: 827724