Model: sim
Root_length: 277
R_ID: 0.05901359580775892
A_ID: 1.9864210979730803
SEED: 580752