Model: sim
Root_length: 241
R_ID: 0.07498596540041709
A_ID: 2.7587545097627393
SEED: 831206