Model: SIM
Root_length: 353
R_ID: 0.02898745057448471
A_ID: 1.7575349154156117