Model: sim
Root_length: 349
R_ID: 0.03830164310507573
A_ID: 1.8931826422939033
SEED: 343692