Model: sim
Root_length: 349
R_ID: 0.019150821552537865
A_ID: 1.8931826422939033
SEED: 343692