Model: sim
Root_length: 116
R_ID: 0.020872057520446352
A_ID: 1.9621509408893616
SEED: 642904