Model: RIM
Root_length: 317
R_I: 0.015178310621374098
R_D: 0.014086645317360117
A_I: 1.5615317765712904
A_D: 1.3957048841163089