Model: sim
Root_length: 332
R_ID: 0.011112440358938143
A_ID: 1.0799392698416457
SEED: 306617