Model: rim
Root_length: 128
R_I: 0.006595717609147491
R_D: 0.00902775498344121
A_I: 1.5417943800526148
A_D: 1.9197858896454192
SEED: 137718