Model: RIM
Root_length: 129
R_I: 0.0039489224471979355
R_D: 0.017801911995241882
A_I: 1.50292260549937
A_D: 1.7051065720389522