Model: sim
Root_length: 214
R_ID: 0.04311405384818104
A_ID: 1.790570625504309
SEED: 651675