Model: sim
Root_length: 481
R_ID: 0.00976737761789706
A_ID: 1.2394642903047166
SEED: 133531