Model: sim
R_ID: 0.003659167724427193
A_ID: 1.0660468923403952
SEED: 276462