Model: rim
Root_length: 116
R_I: 0.005511690209100339
R_D: 0.0019090091409792707
A_I: 1.9457348836848314
A_D: 1.7932623309719458
SEED: 69608