Model: rim
Root_length: 215
R_I: 0.0517534633668007
R_D: 0.006410509594858128
A_I: 2.78424775232387
A_D: 1.4623140421628473
SEED: 72886