Model: SIM
Root_length: 518
R_ID: 0.024002064490705747
A_ID: 1.519121455517178