Model: rim
Root_length: 582
R_I: 0.003655786439406463
R_D: 0.004118478943168823
A_I: 1.6752723113367485
A_D: 1.0284444519618325
SEED: 98352