Model: sim
Root_length: 480
R_ID: 0.00884013417466466
A_ID: 1.4745537533018371
SEED: 896825