Model: sim
Root_length: 107
R_ID: 0.005782946708907684
A_ID: 1.5529540608929695
SEED: 408710