Model: rim
R_I: 0.0008966899267366447
R_D: 0.00018915096068910565
A_I: 2.106442766732153
A_D: 2.0214703716928812
SEED: 784582