Model: rim
Root_length: 403
R_I: 0.007342414386763486
R_D: 0.001227187156405392
A_I: 1.686133063793085
A_D: 1.762467995605932
SEED: 622371