Model: rim
Root_length: 88
R_I: 0.0002640596996791849
R_D: 0.0014027695024059687
A_I: 2.196433510568591
A_D: 1.7719285929199518
SEED: 258153