Model: sim
R_ID: 0.06728349895331451
A_ID: 2.6031566103910064
SEED: 469028