Model: rim
Root_length: 186
R_I: 0.0020774944463902746
R_D: 0.013579753404033085
A_I: 1.0636369029770432
A_D: 1.122444140106143
SEED: 392326