Model: rim
Root_length: 193
R_I: 0.0002922950379379873
R_D: 0.0017018405285834871
A_I: 1.054572029977082
A_D: 1.2593778185615998
SEED: 795717