Model: sim
Root_length: 541
R_ID: 0.0030692170720105372
A_ID: 2.71969569534913
SEED: 762114