Model: RIM
R_I: 0.05196576862567035
R_D: 0.028676317727225432
A_I: 2.4714694963644583
A_D: 2.2759027767418143