Model: rim
Root_length: 151
R_I: 0.00031746005919064814
R_D: 0.0015166584460143116
A_I: 1.2041156352205113
A_D: 2.1423051369715753
SEED: 402983