Model: sim
R_ID: 0.006911930374494325
A_ID: 1.433348254514162
SEED: 691243