Model: rim
Root_length: 93
R_I: 0.0011292938088437016
R_D: 0.0003350049438161233
A_I: 1.2177335076798106
A_D: 2.304959118612497
SEED: 266349