Model: sim
Root_length: 165
R_ID: 0.002252852541086457
A_ID: 2.6992075394955464
SEED: 469280