Model: sim
Root_length: 633
R_ID: 0.026734553801166294
A_ID: 1.670419768308291
SEED: 577118