Model: sim
Root_length: 757
R_ID: 0.019215281549950957
A_ID: 1.9334513496296446
SEED: 231731