Model: rim
Root_length: 284
R_I: 0.007251638898931059
R_D: 0.02126925596048255
A_I: 2.5538715276786004
A_D: 2.282022794435656
SEED: 345847