Model: rim
Root_length: 549
R_I: 0.068162825208071
R_D: 0.01124827476875044
A_I: 1.8561872337142984
A_D: 2.7876612075457543
SEED: 528716