Model: rim
R_I: 0.02277085346827335
R_D: 0.007427497142231296
A_I: 2.043094140230135
A_D: 2.2188924136810764
SEED: 665381