Model: sim
Root_length: 112
R_ID: 0.008596654980751019
A_ID: 2.5303165287651446
SEED: 238645