Model: SIM
Root_length: 371
R_ID: 0.037514197883710146
A_ID: 1.7134052252589158