Model: sim
Root_length: 387
R_ID: 0.04021054840341256
A_ID: 1.8585253163457938
SEED: 845846