Model: rim
Root_length: 101
R_I: 0.009512820164533944
R_D: 0.0029113961308417755
A_I: 1.0433294644595994
A_D: 1.7192190413554091
SEED: 893598