Model: rim
Root_length: 173
R_I: 0.003021448467820712
R_D: 0.0007318648892571081
A_I: 1.2174021526717167
A_D: 1.24082921299164
SEED: 275577