Model: rim
Root_length: 304
R_I: 0.0020268077897137925
R_D: 0.016002938392737396
A_I: 1.3016307096752158
A_D: 1.3038749821532356
SEED: 277513