Model: sim
Root_length: 413
R_ID: 0.02492734900698648
A_ID: 1.6894743101141438
SEED: 411007