Model: SIM
Root_length: 223
R_ID: 0.03337981371577337
A_ID: 1.2053476824020772