Model: sim
Root_length: 591
R_ID: 0.036276242265002145
A_ID: 1.8655468400414272
SEED: 425154