Model: sim
Root_length: 648
R_ID: 0.01601319522022326
A_ID: 1.777084784851672
SEED: 124807