Model: RIM
Root_length: 415
R_I: 0.005103487775166673
R_D: 0.004127815803748753
A_I: 1.3857146674959862
A_D: 1.5937652020072968