Model: rim
R_I: 0.0008059801459910198
R_D: 0.0005918723520512267
A_I: 2.5857053407447834
A_D: 2.6410565040311935
SEED: 275207