Model: rim
Root_length: 190
R_I: 0.0017861545832125007
R_D: 0.003387499490851367
A_I: 1.604363276029935
A_D: 1.7826925965760037
SEED: 643438