Model: sim
Root_length: 487
R_ID: 0.05356612094903141
A_ID: 1.172240579787883
SEED: 445027