Model: rim
Root_length: 329
R_I: 0.0017368714822251236
R_D: 0.010558671843440566
A_I: 2.2103691848508173
A_D: 2.2455756299927208
SEED: 741557