Model: sim
Root_length: 503
R_ID: 0.028502469531989
A_ID: 1.8614075320750154
SEED: 996708