Model: RIM
Root_length: 400
R_I: 0.01186005002317437
R_D: 0.004680339391918351
A_I: 1.49325446187492
A_D: 1.5759058668977268