Model: rim
Root_length: 410
R_I: 0.014580047046664074
R_D: 0.005947569140224946
A_I: 1.036214191290628
A_D: 1.5176727772535619
SEED: 405241