Model: SIM
Root_length: 342
R_ID: 0.0009144611044664572
A_ID: 1.6474392715092463