Model: rim
Root_length: 886
R_I: 0.0065544861535652
R_D: 0.02697111240153719
A_I: 1.544377975891667
A_D: 1.382145537680044
SEED: 685670