Model: rim
Root_length: 886
R_I: 0.0032772430767826
R_D: 0.013485556200768595
A_I: 1.544377975891667
A_D: 1.382145537680044
SEED: 685670