Model: rim
Root_length: 802
R_I: 0.00020822219290689238
R_D: 0.0019806850567894224
A_I: 1.5797599616319498
A_D: 1.188735711347784
SEED: 472812