Model: rim
Root_length: 279
R_I: 0.004392031178089897
R_D: 0.0013837791018694737
A_I: 1.524051215243487
A_D: 1.621970061776372
SEED: 178589