Model: sim
Root_length: 95
R_ID: 0.029587200975760106
A_ID: 1.7544294119572668
SEED: 394916