Model: RIM
Root_length: 402
R_I: 0.016965731347387505
R_D: 0.0057288975244472965
A_I: 1.3762061320489838
A_D: 1.6086952847924425