Model: rim
Root_length: 535
R_I: 0.00043714848625063865
R_D: 0.0005235977533970199
A_I: 1.4844537143273056
A_D: 1.298921097600715
SEED: 345675