Model: rim
Root_length: 240
R_I: 0.001695467569812497
R_D: 0.0032874653637769784
A_I: 1.923082610122938
A_D: 2.2939061409492023
SEED: 613247