Model: rim
Root_length: 429
R_I: 0.0011547533729799491
R_D: 0.0006182902206602216
A_I: 2.5699307179187816
A_D: 1.7551548279795737
SEED: 371451