Model: sim
R_ID: 0.03799639434476488
A_ID: 1.0775455671994745
SEED: 14328