Model: rim
Root_length: 502
R_I: 0.0004286635486789568
R_D: 0.001815551639701442
A_I: 2.0526513956643306
A_D: 1.3822643853226118
SEED: 827938