Model: sim
Root_length: 261
R_ID: 0.010787938987236347
A_ID: 1.114357387196941
SEED: 782512