Model: rim
Root_length: 139
R_I: 0.002982797985220817
R_D: 0.00628986310526509
A_I: 1.0460274735897896
A_D: 2.058959438078791
SEED: 172535