Model: rim
R_I: 0.002808251671325696
R_D: 0.003529177622922686
A_I: 2.7159200561617376
A_D: 1.989921605116296
SEED: 90105