Model: sim
Root_length: 409
R_ID: 0.06742650785078487
A_ID: 1.2186794941440555
SEED: 16027