Model: sim
Root_length: 820
R_ID: 0.006012844947793694
A_ID: 1.0084014846658778
SEED: 114001