Model: sim
Root_length: 1082
R_ID: 0.009279521927126983
A_ID: 1.0496532620742847
SEED: 40900