Model: sim
Root_length: 540
R_ID: 0.020498849247401214
A_ID: 1.401519602694884
SEED: 530379