Model: sim
Root_length: 541
R_ID: 0.006997389459688248
A_ID: 1.7806225042043868
SEED: 602830