Model: sim
Root_length: 241
R_ID: 0.004835149171384401
A_ID: 2.247587610786078
SEED: 178500