Model: sim
Root_length: 281
R_ID: 0.06234919480308056
A_ID: 2.034366813599445
SEED: 488776