Model: rim
R_I: 0.009465840461818845
R_D: 0.00859184236227978
A_I: 2.060678822003868
A_D: 1.1457693042006643
SEED: 958677