Model: rim
Root_length: 262
R_I: 0.00903734039922574
R_D: 0.0023307351547974375
A_I: 1.140305666019996
A_D: 1.611023538384461
SEED: 378478