Model: sim
Root_length: 166
R_ID: 0.015155863594046299
A_ID: 1.052109743276227
SEED: 454959