Model: RIM
Root_length: 462
R_I: 0.0062343480918902626
R_D: 0.01733993095896328
A_I: 1.5438990041554177
A_D: 1.5880779480610279