Model: rim
Root_length: 953
R_I: 0.005413045343582806
R_D: 0.02764423904436845
A_I: 1.5342139886827262
A_D: 1.171815357279419
SEED: 628400