Model: rim
Root_length: 953
R_I: 0.002706522671791403
R_D: 0.013822119522184225
A_I: 1.5342139886827262
A_D: 1.171815357279419
SEED: 628400