Model: rim
Root_length: 1005
R_I: 0.008510346031151425
R_D: 0.021472615219198386
A_I: 1.164636583627064
A_D: 1.4065556506506138
SEED: 370241