Model: sim
Root_length: 516
R_ID: 0.013839579695065597
A_ID: 1.7856113388799923
SEED: 35432