Model: sim
Root_length: 516
R_ID: 0.006919789847532798
A_ID: 1.7856113388799923
SEED: 35432