Model: rim
Root_length: 321
R_I: 0.037105017460807174
R_D: 0.007668819879002142
A_I: 1.4380836299657165
A_D: 1.1212291252743132
SEED: 802084