Model: sim
Root_length: 1098
R_ID: 0.002245947251019326
A_ID: 1.8139970387500122
SEED: 377901