Model: sim
Root_length: 114
R_ID: 0.01423319405214556
A_ID: 1.3353366767545907
SEED: 737803