Model: sim
Root_length: 114
R_ID: 0.00711659702607278
A_ID: 1.3353366767545907
SEED: 737803