Model: sim
Root_length: 506
R_ID: 0.0019127659844957647
A_ID: 1.0811508282989513
SEED: 66626