Model: rim
R_I: 0.017782717452087756
R_D: 0.002016562804257371
A_I: 1.6606289878158984
A_D: 2.217533530862749
SEED: 148891