Model: rim
Root_length: 315
R_I: 0.001166657702936434
R_D: 0.0005085600224061014
A_I: 1.8212566915255186
A_D: 2.3051903885959146
SEED: 396602