Model: rim
Root_length: 202
R_I: 0.0024267476299013376
R_D: 0.008055334029574285
A_I: 2.647117774425502
A_D: 1.7402047579084092
SEED: 432722