Model: sim
Root_length: 83
R_ID: 0.01269970423308437
A_ID: 1.6431143487327748
SEED: 741288