Model: sim
Root_length: 647
R_ID: 0.00874141685496484
A_ID: 1.7309150249512415
SEED: 953343