Model: RIM
Root_length: 224
R_I: 0.011815687569661703
R_D: 0.026376193235924127
A_I: 1.6281622604433097
A_D: 1.8228632340767847