Model: rim
Root_length: 718
R_I: 0.0664221590642324
R_D: 0.010317269472852874
A_I: 1.5296451128045763
A_D: 1.112557989894015
SEED: 227938