Model: rim
Root_length: 718
R_I: 0.0332110795321162
R_D: 0.005158634736426437
A_I: 1.5296451128045763
A_D: 1.112557989894015
SEED: 227938