Model: sim
Root_length: 200
R_ID: 0.00972093267252526
A_ID: 1.1902322872380917
SEED: 210448