Model: sim
Root_length: 1067
R_ID: 0.011945188850929184
A_ID: 1.0783904017387222
SEED: 40861