Model: RIM
Root_length: 163
R_I: 0.01076712402585056
R_D: 0.02129424941548873
A_I: 1.5404691196627374
A_D: 1.3372124248332204