Model: rim
Root_length: 428
R_I: 0.016296941332095645
R_D: 0.03052712953402433
A_I: 1.1767510196766846
A_D: 1.0340833676318528
SEED: 711842