Model: rim
Root_length: 242
R_I: 0.018824682352184686
R_D: 0.017321683667852972
A_I: 1.231239580351271
A_D: 1.9758677149539243
SEED: 640959