Model: rim
Root_length: 242
R_I: 0.03764936470436937
R_D: 0.034643367335705944
A_I: 1.231239580351271
A_D: 1.9758677149539243
SEED: 640959