Model: sim
Root_length: 281
R_ID: 0.04487077123091457
A_ID: 1.5693118889157542
SEED: 488776