Model: rim
Root_length: 406
R_I: 0.010828853060533761
R_D: 0.003479018567513259
A_I: 1.028937301111654
A_D: 1.5515223045051485
SEED: 722740