Model: sim
R_ID: 0.027113537426702323
A_ID: 1.2537624640399232
SEED: 516083