Model: sim
Root_length: 409
R_ID: 0.008272934023029845
A_ID: 2.6637253842092035
SEED: 67700