Model: sim
Root_length: 494
R_ID: 0.09440172428585109
A_ID: 2.1302601903399747
SEED: 996597