Model: rim
Root_length: 147
R_I: 0.0035342919694170034
R_D: 0.004852518773228703
A_I: 1.7542127522208024
A_D: 1.1891404278912634
SEED: 453015