Model: RIM
Root_length: 169
R_I: 0.02137207381084572
R_D: 0.006431830689855053
A_I: 1.5846576885824895
A_D: 1.5435124269257068