Model: rim
Root_length: 796
R_I: 0.002870781828204322
R_D: 0.028366525794691785
A_I: 1.123899235429244
A_D: 1.9787319691326952
SEED: 807166