Model: rim
Root_length: 796
R_I: 0.001435390914102161
R_D: 0.014183262897345892
A_I: 1.123899235429244
A_D: 1.9787319691326952
SEED: 807166