Model: rim
Root_length: 584
R_I: 0.017974250231746505
R_D: 0.07108708173739081
A_I: 1.4435747155460117
A_D: 1.06797171071673
SEED: 767612