Model: rim
Root_length: 497
R_I: 0.030205592604827223
R_D: 0.0043237846618297444
A_I: 1.2463262575086878
A_D: 1.160533600214095
SEED: 236982