Model: RIM
Root_length: 264
R_I: 0.002096503298725343
R_D: 0.005988607898640846
A_I: 1.3109924454325133
A_D: 1.6254107100219204