Model: sim
Root_length: 1000
R_ID: 0.02193620357976056
A_ID: 1.0697327519736815
SEED: 402256