Model: rim
Root_length: 477
R_I: 0.00018528176870368385
R_D: 0.0014768148860743895
A_I: 2.6467438031599757
A_D: 2.664822243059735
SEED: 871025