Model: rim
Root_length: 254
R_I: 0.00201048435561906
R_D: 0.009137032894500303
A_I: 2.3705413775566653
A_D: 2.743827436111654
SEED: 188815