Model: sim
Root_length: 144
R_ID: 0.035154146175328665
A_ID: 1.9704666344062078
SEED: 375729