Model: rim
R_I: 0.029299338945779643
R_D: 0.03645682680176092
A_I: 2.3165839795377465
A_D: 2.58598392175026
SEED: 571831