Model: sim
Root_length: 528
R_ID: 0.003563361160939492
A_ID: 2.36527533835294
SEED: 709116