Model: rim
Root_length: 141
R_I: 0.008893467452133576
R_D: 0.007772066809289086
A_I: 2.5918241932199817
A_D: 2.714366946833823
SEED: 435170