Model: rim
R_I: 0.05830557208603619
R_D: 0.024792816784060142
A_I: 2.133491238553227
A_D: 2.4742814732387637
SEED: 782623