Model: rim
Root_length: 540
R_I: 0.07230205961470501
R_D: 0.012250098487429023
A_I: 2.6009046798822695
A_D: 2.7432997681509566
SEED: 207182