Model: rim
Root_length: 497
R_I: 0.060411185209654446
R_D: 0.008647569323659489
A_I: 1.2463262575086878
A_D: 1.160533600214095
SEED: 236982