Model: rim
Root_length: 579
R_I: 0.0007260192451433762
R_D: 0.001365624082926699
A_I: 1.8920951211985009
A_D: 1.549855556341274
SEED: 109492