Model: rim
Root_length: 373
R_I: 0.0337652345225868
R_D: 0.005231505659450271
A_I: 1.773077631786883
A_D: 1.95161423095835
SEED: 446177