Model: sim
Root_length: 510
R_ID: 0.016999287273611257
A_ID: 1.7012692717431142
SEED: 733961