Model: sim
Root_length: 413
R_ID: 0.07046174846481847
A_ID: 2.448118998580766
SEED: 205491