Model: sim
Root_length: 230
R_ID: 0.057111444932345774
A_ID: 1.4894365058499361
SEED: 387388