Model: rim
Root_length: 92
R_I: 0.0025113756637270557
R_D: 0.0017615413924198173
A_I: 2.4309947631354407
A_D: 1.838025433285509
SEED: 16729