Model: rim
R_I: 0.0017253366492032476
R_D: 0.013873327683094884
A_I: 1.1409159174103956
A_D: 2.2396698067834073
SEED: 337697