Model: sim
Root_length: 805
R_ID: 3.126709166317299e-05
A_ID: 1.3156607597344105
SEED: 199789