Model: SIM
Root_length: 81
R_ID: 0.038446177855636664
A_ID: 1.763428081235502