Model: sim
Root_length: 884
R_ID: 0.002065681154932719
A_ID: 1.6119624796623477
SEED: 617479