Model: sim
Root_length: 617
R_ID: 0.01879297552752543
A_ID: 1.2321216340106984
SEED: 55770