Model: rim
Root_length: 535
R_I: 0.00021857424312531933
R_D: 0.00026179887669850995
A_I: 1.4844537143273056
A_D: 1.298921097600715
SEED: 345675