Model: rim
Root_length: 255
R_I: 0.02390756253586288
R_D: 0.0050540392651058684
A_I: 1.1980563817608105
A_D: 1.3289444524854725
SEED: 87458