Model: sim
Root_length: 199
R_ID: 0.029408144362199365
A_ID: 2.7754945965381808
SEED: 521470