Model: rim
R_I: 0.003374190544493994
R_D: 0.03057287606876335
A_I: 2.0322176124181075
A_D: 1.0885988072798003
SEED: 871363