Model: sim
Root_length: 473
R_ID: 0.0013379570095168056
A_ID: 2.4413323750241696
SEED: 522787