Model: sim
Root_length: 535
R_ID: 0.024662505813576926
A_ID: 2.5268312688685377
SEED: 558908