Model: sim
Root_length: 435
R_ID: 0.006946644988714762
A_ID: 1.5215209701667118
SEED: 102707