Model: RIM
Root_length: 216
R_I: 0.014394658470060846
R_D: 0.007333918888978078
A_I: 1.5715761123010115
A_D: 1.5326789910774798