Model: sim
Root_length: 358
R_ID: 0.003713675071478051
A_ID: 1.5253067186279816
SEED: 692047