Model: sim
Root_length: 1010
R_ID: 0.005095939084741949
A_ID: 1.7469801646965082
SEED: 95624