Model: rim
Root_length: 145
R_I: 0.009364489657846881
R_D: 0.0065353140267837735
A_I: 1.8021762111700732
A_D: 1.4170620189169887
SEED: 228974