Model: RIM
Root_length: 174
R_I: 0.0010484727158767287
R_D: 0.0033197475902373074
A_I: 1.5627176595689483
A_D: 1.5321944559736027