Model: sim
Root_length: 883
R_ID: 0.022427227679702483
A_ID: 1.6043544942973669
SEED: 764801