Model: sim
Root_length: 631
R_ID: 0.001774364430520198
A_ID: 1.0966557786950224
SEED: 754253