Model: sim
Root_length: 631
R_ID: 0.003548728861040396
A_ID: 1.0966557786950224
SEED: 754253