Model: rim
R_I: 0.003206258942270075
R_D: 0.002515771131900392
A_I: 2.3562711245677965
A_D: 2.0758177831275693
SEED: 100524