Model: rim
Root_length: 156
R_I: 0.007855367899328081
R_D: 0.0007872924194062877
A_I: 1.6370124983371765
A_D: 1.8676844533100578
SEED: 141922