Model: rim
Root_length: 99
R_I: 0.052587059438871826
R_D: 0.02916046551421752
A_I: 1.8637535761907107
A_D: 1.8499320845118044
SEED: 622679