Model: rim
Root_length: 140
R_I: 0.007067369950364543
R_D: 0.013117069792808739
A_I: 2.70921050121633
A_D: 2.1081853011173326
SEED: 532770