Model: rim
Root_length: 150
R_I: 0.007164374863641652
R_D: 0.006987696105410604
A_I: 1.1043535872277268
A_D: 1.3991952592645163
SEED: 784030