Model: sim
Root_length: 109
R_ID: 0.0029617820217314266
A_ID: 1.3207553615468806
SEED: 75789