Model: sim
Root_length: 104
R_ID: 0.03209450990788033
A_ID: 1.9029766077370156
SEED: 66307