Model: sim
R_ID: 0.08962340654219761
A_ID: 1.9648072154851732
SEED: 244829