Model: rim
Root_length: 436
R_I: 0.05083511739094329
R_D: 0.048491318513437597
A_I: 1.8938636055625735
A_D: 1.4339865223805606
SEED: 511226