Model: rim
Root_length: 436
R_I: 0.025417558695471645
R_D: 0.024245659256718798
A_I: 1.8938636055625735
A_D: 1.4339865223805606
SEED: 511226