Model: rim
Root_length: 409
R_I: 0.001426711383381467
R_D: 0.008000619374842786
A_I: 1.1423818663610135
A_D: 1.0048538136184335
SEED: 343196