Model: rim
R_I: 0.002835585677979126
R_D: 0.004183524649571429
A_I: 1.084651511756509
A_D: 2.14440142513975
SEED: 960618