Model: sim
Root_length: 497
R_ID: 0.005900832991577315
A_ID: 1.3895256201302928
SEED: 839873