Model: rim
Root_length: 510
R_I: 0.0013393530658947052
R_D: 0.0038116173705638736
A_I: 2.389265342506256
A_D: 1.5037847738339247
SEED: 928593