Model: rim
Root_length: 528
R_I: 0.002523952977760608
R_D: 0.006021104228122683
A_I: 1.5315171803539525
A_D: 1.6261548019566274
SEED: 718678