Model: sim
Root_length: 244
R_ID: 0.021872533928941285
A_ID: 1.9605260039795012
SEED: 386603