Model: rim
Root_length: 343
R_I: 0.0003133235403760655
R_D: 0.0007099701853278125
A_I: 1.3765119315673873
A_D: 1.3753091100632646
SEED: 122553