Model: rim
R_I: 0.006228099174584202
R_D: 0.05095885839699157
A_I: 2.722851438277507
A_D: 2.5978582824441605
SEED: 849005