Model: sim
Root_length: 370
R_ID: 0.011869709464771387
A_ID: 1.8836004300463265
SEED: 7822