Model: sim
Root_length: 465
R_ID: 0.01219708902083489
A_ID: 1.6125706343358839
SEED: 625762