Model: rim
Root_length: 205
R_I: 0.003408900728275545
R_D: 0.0011998165833802309
A_I: 2.693534338813661
A_D: 1.3004425441626644
SEED: 148272