Model: rim
R_I: 0.004399466728549397
R_D: 0.0006931023232871949
A_I: 1.2065033104477485
A_D: 2.1684736477067847
SEED: 837418