Model: rim
Root_length: 458
R_I: 0.0020665683619577667
R_D: 0.0008866162165742142
A_I: 1.245494864653123
A_D: 2.4115018316989145
SEED: 914788