Model: RIM
Root_length: 231
R_I: 0.01908716165908566
R_D: 0.008840063610437187
A_I: 1.365056270525172
A_D: 1.5556144532943434