Model: rim
Root_length: 185
R_I: 0.050324458844569486
R_D: 0.014912899833411647
A_I: 1.8756065448147043
A_D: 1.0056608486706076
SEED: 440111