Model: rim
Root_length: 308
R_I: 0.0008962819354019919
R_D: 0.0011542597079847688
A_I: 1.495287857919608
A_D: 1.517488571212744
SEED: 766571