Model: RIM
Root_length: 391
R_I: 0.003356814083001056
R_D: 0.00238627260496099
A_I: 1.4410784472894687
A_D: 1.4501446393051287