Model: rim
Root_length: 387
R_I: 0.015910977130808225
R_D: 0.008142134620534652
A_I: 1.3380558124119915
A_D: 1.3610316895846268
SEED: 363113