Model: RIM
Root_length: 98
R_I: 0.025261015083232516
R_D: 0.014329339511012196
A_I: 1.2833544976708107
A_D: 1.4934508387563148