Model: rim
Root_length: 1075
R_I: 0.00420053602485246
R_D: 0.021558935955457364
A_I: 1.5205905454710744
A_D: 1.0029942590109233
SEED: 609228