Model: rim
Root_length: 461
R_I: 0.01766942483942828
R_D: 0.0017827744560669333
A_I: 1.3137660766297516
A_D: 1.4225241312350478
SEED: 682793