Model: sim
Root_length: 1022
R_ID: 0.0165177200130715
A_ID: 1.1997934974768232
SEED: 394186