Model: sim
Root_length: 584
R_ID: 0.008203180229957375
A_ID: 1.0361051143384052
SEED: 963739