Model: SIM
Root_length: 442
R_ID: 0.03038070851895106
A_ID: 1.6811804626590336