Model: rim
Root_length: 985
R_I: 0.004965903573678971
R_D: 0.020975318855519204
A_I: 1.1921900981520326
A_D: 1.5783894617558178
SEED: 149376