Model: rim
Root_length: 84
R_I: 0.0028423360837988823
R_D: 0.00905216537896185
A_I: 1.49379678108329
A_D: 1.9629039446005534
SEED: 424367