Model: sim
Root_length: 382
R_ID: 0.003856968321862048
A_ID: 1.74120013321227
SEED: 375916