Model: sim
Root_length: 472
R_ID: 0.014529313429590823
A_ID: 1.3740283512561324
SEED: 265146