Model: SIM
Root_length: 265
R_ID: 0.0368648603624496
A_ID: 1.3179553245563107