Model: rim
Root_length: 668
R_I: 0.018727694061411566
R_D: 0.0019434556087845338
A_I: 1.228957382824768
A_D: 1.891503583171598
SEED: 131483