Model: rim
Root_length: 668
R_I: 0.03745538812282313
R_D: 0.0038869112175690676
A_I: 1.228957382824768
A_D: 1.891503583171598
SEED: 131483