Model: SIM
Root_length: 215
R_ID: 0.029927703173324657
A_ID: 1.6609672828373994