Model: sim
Root_length: 122
R_ID: 0.00311105814574115
A_ID: 1.3306303504750872
SEED: 331837