Model: sim
Root_length: 122
R_ID: 0.0062221162914823
A_ID: 1.3306303504750872
SEED: 331837