Model: RIM
Root_length: 357
R_I: 0.025196572595506866
R_D: 0.013039447643020959
A_I: 1.4830911235016868
A_D: 1.459997540312908