Model: sim
Root_length: 138
R_ID: 0.011788827314768791
A_ID: 1.1620438319863196
SEED: 75789