Model: sim
Root_length: 835
R_ID: 0.045867754913267944
A_ID: 1.1065361384158936
SEED: 898148