Model: sim
Root_length: 138
R_ID: 0.0058944136573843954
A_ID: 1.1620438319863196
SEED: 75789