Model: rim
Root_length: 93
R_I: 0.0095228952884197
R_D: 0.0494207993564254
A_I: 1.5582627670204554
A_D: 1.684981775977748
SEED: 577312