Model: rim
Root_length: 204
R_I: 0.0050563230380340374
R_D: 0.0005472136698920669
A_I: 1.7392259218010522
A_D: 1.7280961730068554
SEED: 128650