Model: rim
Root_length: 464
R_I: 0.0007902732665764713
R_D: 0.0003182462997041922
A_I: 1.9686233248850231
A_D: 1.6066556204894824
SEED: 462159