Model: rim
Root_length: 464
R_I: 0.00039513663328823563
R_D: 0.0001591231498520961
A_I: 1.9686233248850231
A_D: 1.6066556204894824
SEED: 462159