Model: rim
R_I: 0.0001541993511903865
R_D: 0.0012391034054258089
A_I: 2.121960335021157
A_D: 1.6204618693250699
SEED: 637841