Model: sim
Root_length: 94
R_ID: 0.015433411069565207
A_ID: 2.285780948655701
SEED: 631803