Model: sim
Root_length: 407
R_ID: 0.02272905972194047
A_ID: 1.4247068700221932
SEED: 520929