Model: sim
Root_length: 503
R_ID: 0.013806982718906985
A_ID: 2.546174190845395
SEED: 996708