Model: rim
Root_length: 1056
R_I: 0.016988935342330803
R_D: 0.016878194652286932
A_I: 1.7057478869416554
A_D: 1.6263473499146655
SEED: 95136