Model: rim
Root_length: 444
R_I: 0.002004079384995799
R_D: 0.003124713076929615
A_I: 1.399460472130766
A_D: 1.1918362329290897
SEED: 704655