Model: rim
Root_length: 1056
R_I: 0.008494467671165401
R_D: 0.008439097326143466
A_I: 1.7057478869416554
A_D: 1.6263473499146655
SEED: 95136