Model: rim
Root_length: 535
R_I: 0.0032280874287613738
R_D: 0.025540810174874855
A_I: 1.6268130794410935
A_D: 1.337858455683015
SEED: 923710