Model: rim
Root_length: 535
R_I: 0.0064561748575227475
R_D: 0.05108162034974971
A_I: 1.6268130794410935
A_D: 1.337858455683015
SEED: 923710