Model: RIM
Root_length: 156
R_I: 0.014460497941030619
R_D: 0.003938229566366905
A_I: 1.7141289216667002
A_D: 1.5077101923312992