Model: rim
Root_length: 156
R_I: 0.021283117685284063
R_D: 0.0021330684227264885
A_I: 1.342536212286801
A_D: 1.474183929850335
SEED: 141922