Model: sim
Root_length: 884
R_ID: 0.0010328405774663596
A_ID: 1.6119624796623477
SEED: 617479