Model: RIM
Root_length: 173
R_I: 0.010205761094690308
R_D: 0.02709865982003952
A_I: 1.5391159290955516
A_D: 1.459102220186132