Model: rim
Root_length: 328
R_I: 0.002077905264549484
R_D: 0.0031626563093520087
A_I: 1.4591417502354316
A_D: 1.6335817653339872
SEED: 906009