Model: rim
Root_length: 432
R_I: 0.04023100956501786
R_D: 0.014624059656489658
A_I: 1.142972774371689
A_D: 1.9092708546950328
SEED: 759944