Model: rim
Root_length: 432
R_I: 0.02011550478250893
R_D: 0.007312029828244829
A_I: 1.142972774371689
A_D: 1.9092708546950328
SEED: 759944