Model: rim
Root_length: 975
R_I: 0.021249528504405084
R_D: 0.020744547996667674
A_I: 1.8511548922022834
A_D: 1.3660218430684057
SEED: 356664