Model: rim
Root_length: 1037
R_I: 0.0005741901016781824
R_D: 0.0012913643304704873
A_I: 1.7619791549077342
A_D: 1.1933248764402093
SEED: 221945