Model: sim
Root_length: 1030
R_ID: 0.039345176203365355
A_ID: 1.1770183602612083
SEED: 225062