Model: sim
Root_length: 843
R_ID: 0.010898737522495865
A_ID: 1.2664384454141473
SEED: 61216