Model: sim
Root_length: 843
R_ID: 0.02179747504499173
A_ID: 1.2664384454141473
SEED: 61216