Model: rim
Root_length: 125
R_I: 0.03311173938392458
R_D: 0.003446725933198877
A_I: 1.8735412884280156
A_D: 1.5389901370275316
SEED: 260212