Model: rim
Root_length: 692
R_I: 0.013625939637660565
R_D: 0.003647091689451185
A_I: 1.4163205907602023
A_D: 1.0247958974507572
SEED: 980438