Model: rim
Root_length: 692
R_I: 0.02725187927532113
R_D: 0.00729418337890237
A_I: 1.4163205907602023
A_D: 1.0247958974507572
SEED: 980438