Model: sim
Root_length: 481
R_ID: 0.015020091851577695
A_ID: 1.504217243404098
SEED: 489188