Model: rim
Root_length: 496
R_I: 0.017122120959514292
R_D: 0.03136240090936144
A_I: 1.2946686638424412
A_D: 1.043132305615315
SEED: 863363