Model: rim
Root_length: 151
R_I: 0.0011901527495636593
R_D: 0.005353908068144894
A_I: 1.4533957854423094
A_D: 1.3731023650275485
SEED: 518329