Model: rim
Root_length: 227
R_I: 0.03311218417167652
R_D: 0.009061832974561158
A_I: 1.8235766960644342
A_D: 1.6198984511389138
SEED: 70673