Model: rim
R_I: 0.0003974016574275046
R_D: 0.0006265667614513594
A_I: 1.90707385225517
A_D: 2.048876342732001
SEED: 289049