Model: rim
Root_length: 452
R_I: 0.008081267312106647
R_D: 0.053693199396346564
A_I: 1.693575645377392
A_D: 1.4099715182878767
SEED: 379749