Model: sim
Root_length: 447
R_ID: 0.03038680681137909
A_ID: 1.0473459607453968
SEED: 820743