Model: sim
Root_length: 914
R_ID: 0.018648772584338818
A_ID: 1.680463936481653
SEED: 717982