Model: sim
Root_length: 447
R_ID: 0.015193403405689546
A_ID: 1.0473459607453968
SEED: 820743