Model: sim
Root_length: 431
R_ID: 0.028156599387463718
A_ID: 1.7707862820579034
SEED: 66872