Model: sim
Root_length: 340
R_ID: 0.0050424378899803285
A_ID: 1.722251951291728
SEED: 654199