Model: rim
Root_length: 364
R_I: 0.019224497538224125
R_D: 0.01220538207048453
A_I: 1.7439604603847485
A_D: 1.8658031416402117
SEED: 309472