Model: rim
Root_length: 405
R_I: 0.007347738307649652
R_D: 0.011733109435727758
A_I: 1.9520698054641912
A_D: 1.4514470692156323
SEED: 445718