Model: rim
Root_length: 323
R_I: 0.0003601711345821735
R_D: 0.0008240795602731233
A_I: 1.6145269454015763
A_D: 2.113809846188185
SEED: 799516