Model: rim
R_I: 0.0019656432253199897
R_D: 0.00047767583257283646
A_I: 2.190639119461447
A_D: 2.11236988819409
SEED: 371777