Model: RIM
Root_length: 172
R_I: 0.0025059096178169232
R_D: 0.0028527785937521822
A_I: 1.5237024379039439
A_D: 1.5625320221685195