Model: sim
Root_length: 1061
R_ID: 0.013473020154005068
A_ID: 1.0165526533926537
SEED: 423038