Model: rim
Root_length: 494
R_I: 0.04328694257847549
R_D: 0.010348117596142653
A_I: 1.7553345690799136
A_D: 1.2943961549504261
SEED: 387113