Model: rim
Root_length: 272
R_I: 0.0018278644211002942
R_D: 0.003173290095948377
A_I: 2.015383721745228
A_D: 1.413677234844301
SEED: 894284