Model: rim
R_I: 0.006771248274874554
R_D: 0.00843791590218685
A_I: 1.1259916582217255
A_D: 2.3984534464030087
SEED: 877611