Model: rim
Root_length: 163
R_I: 0.0016662963265921518
R_D: 0.0006183161161114096
A_I: 2.5733916281406364
A_D: 1.6486868941740096
SEED: 237880