Model: sim
Root_length: 410
R_ID: 0.003437348052496527
A_ID: 2.452355881644122
SEED: 848518