Model: rim
Root_length: 409
R_I: 0.0008338713971936191
R_D: 0.0033413003224517642
A_I: 2.3835650514101228
A_D: 2.5254577165057697
SEED: 110914