Model: rim
Root_length: 360
R_I: 0.04285311874291444
R_D: 0.004811323244530342
A_I: 2.4498712385433894
A_D: 1.3198152091845181
SEED: 172857