Model: sim
R_ID: 0.020277270314128296
A_ID: 2.4731583695930803
SEED: 952491