Model: sim
Root_length: 945
R_ID: 0.0019011415936488391
A_ID: 1.4911784250438131
SEED: 614614