Model: sim
Root_length: 945
R_ID: 0.0038022831872976783
A_ID: 1.4911784250438131
SEED: 614614