Model: sim
Root_length: 637
R_ID: 0.013968669453852329
A_ID: 1.7944857484295462
SEED: 313843