Model: rim
Root_length: 199
R_I: 0.004256083858720569
R_D: 0.02908913687777399
A_I: 1.1857019248743665
A_D: 1.380602762815753
SEED: 528310