Model: rim
Root_length: 202
R_I: 0.005906194796109613
R_D: 0.019604993671439405
A_I: 1.91901744994547
A_D: 1.4014294810605175
SEED: 432722