Model: sim
Root_length: 81
R_ID: 0.04195835689514343
A_ID: 1.4423483943570536
SEED: 408233