Model: sim
Root_length: 172
R_ID: 0.035766828296589566
A_ID: 1.8040505466954433
SEED: 981850