Model: sim
Root_length: 441
R_ID: 0.0028181959612046067
A_ID: 1.6159346801375785
SEED: 108913