Model: rim
Root_length: 311
R_I: 0.0008201200654833024
R_D: 0.0005744850538353786
A_I: 1.6824006644091059
A_D: 2.734215252966127
SEED: 590654