Model: rim
R_I: 0.006185690246307206
R_D: 0.014584670473994131
A_I: 2.423722344321361
A_D: 2.3785515911890194
SEED: 603465