Model: sim
Root_length: 260
R_ID: 0.010532982768984987
A_ID: 2.2542992484312467
SEED: 550989