Model: rim
Root_length: 163
R_I: 0.006542554028421936
R_D: 0.0024277594157435032
A_I: 1.8769409049909744
A_D: 1.349198953607188
SEED: 237880