Model: rim
Root_length: 397
R_I: 0.005032865207782545
R_D: 0.0436244990525446
A_I: 1.8393095052454647
A_D: 1.5059488842513602
SEED: 921917