Model: sim
Root_length: 383
R_ID: 0.005792106198074615
A_ID: 1.7370989265562002
SEED: 726966