Model: rim
Root_length: 152
R_I: 0.013872571331094704
R_D: 0.029885135374544344
A_I: 1.1145031464632444
A_D: 1.2623389604912911
SEED: 284270