Model: sim
Root_length: 280
R_ID: 0.01621863010150755
A_ID: 1.8199332418967729
SEED: 579452