Model: sim
R_ID: 0.0942293683639707
A_ID: 2.6032752220186093
SEED: 2242