Model: sim
Root_length: 103
R_ID: 0.010567226814628248
A_ID: 1.863299069237097
SEED: 482218