Model: RIM
Root_length: 264
R_I: 0.008242984060185983
R_D: 0.0029490443887732675
A_I: 1.6174311784940099
A_D: 1.5551755822022768