Model: sim
Root_length: 339
R_ID: 0.0014255128985685207
A_ID: 1.2467450347624351
SEED: 78725