Model: SIM
Root_length: 119
R_ID: 0.03724848552063754
A_ID: 1.4703793414281092