Model: sim
Root_length: 285
R_ID: 0.016070202207631314
A_ID: 1.7000300460497568
SEED: 967905