Model: sim
Root_length: 285
R_ID: 0.008035101103815657
A_ID: 1.7000300460497568
SEED: 967905