Model: sim
Root_length: 387
R_ID: 0.007845527439098932
A_ID: 1.775676114640326
SEED: 244263