Model: sim
Root_length: 382
R_ID: 0.06132105753812334
A_ID: 2.3508386318304346
SEED: 547023