Model: sim
Root_length: 116
R_ID: 0.006837263238702434
A_ID: 2.7226958920334337
SEED: 642904