Model: sim
Root_length: 324
R_ID: 0.008333546274333501
A_ID: 1.8468050361531287
SEED: 413999