Model: rim
R_I: 0.022347186512638836
R_D: 0.015961126116284776
A_I: 1.8959091081833006
A_D: 1.7152405232061416
SEED: 590608