Model: rim
Root_length: 285
R_I: 0.004361332329901152
R_D: 0.0010810517508201183
A_I: 2.2395981821378186
A_D: 2.431028213348048
SEED: 350009