Model: sim
Root_length: 212
R_ID: 0.012536179098612172
A_ID: 2.4600358984636475
SEED: 520164