Model: rim
Root_length: 387
R_I: 0.006062476282089816
R_D: 0.0031023549098688377
A_I: 1.6291619816908565
A_D: 1.6694201084758564
SEED: 363113