Model: sim
R_ID: 0.001049185596889978
A_ID: 1.7733988862490548
SEED: 167245