Model: sim
Root_length: 590
R_ID: 0.014472500857073096
A_ID: 1.3116679769194635
SEED: 988800