Model: sim
Root_length: 429
R_ID: 0.005621358974748237
A_ID: 1.7886823648947017
SEED: 494605