Model: sim
Root_length: 647
R_ID: 0.00437070842748242
A_ID: 1.7309150249512415
SEED: 953343