Model: rim
Root_length: 535
R_I: 0.007054852925923718
R_D: 0.03738688647852266
A_I: 1.0440126576196629
A_D: 1.20156148087824
SEED: 710743