Model: rim
Root_length: 824
R_I: 0.02550438430469844
R_D: 0.05604626223713097
A_I: 1.6653320394264672
A_D: 1.595100164789178
SEED: 508266