Model: rim
Root_length: 824
R_I: 0.01275219215234922
R_D: 0.028023131118565484
A_I: 1.6653320394264672
A_D: 1.595100164789178
SEED: 508266