Model: RIM
Root_length: 269
R_I: 0.01590303570793148
R_D: 0.015597226031249774
A_I: 1.4784514958304407
A_D: 1.4834000114031687