Model: rim
Root_length: 611
R_I: 0.0013474001456957113
R_D: 0.012398233700152183
A_I: 1.1663227508732525
A_D: 1.8942436812489252
SEED: 615862