Model: rim
Root_length: 611
R_I: 0.0026948002913914225
R_D: 0.024796467400304365
A_I: 1.1663227508732525
A_D: 1.8942436812489252
SEED: 615862