Model: RIM
Root_length: 129
R_I: 0.010103375007497915
R_D: 0.024217889331369657
A_I: 1.4856473800334329
A_D: 1.6175337983211688