Model: sim
Root_length: 279
R_ID: 0.037280476224702805
A_ID: 1.9762866062171551
SEED: 562169