Model: rim
Root_length: 526
R_I: 0.009057889955759528
R_D: 0.02576434006618768
A_I: 1.5060389216745713
A_D: 1.159434864675236
SEED: 302835