Model: rim
Root_length: 84
R_I: 0.005684672167597765
R_D: 0.0181043307579237
A_I: 1.49379678108329
A_D: 1.9629039446005534
SEED: 424367