Model: RIM
Root_length: 194
R_I: 0.006206479553981951
R_D: 0.022644414017363532
A_I: 1.5435842143041885
A_D: 1.323799497412753