Model: rim
Root_length: 355
R_I: 0.00030919253646409544
R_D: 0.0020896020246927295
A_I: 1.0805256798209601
A_D: 1.857551472394261
SEED: 32032