Model: sim
Root_length: 124
R_ID: 0.06346116315161018
A_ID: 2.2793522830037825
SEED: 629841