Model: sim
Root_length: 151
R_ID: 0.05076926188949663
A_ID: 2.535655916448457
SEED: 36584