Model: rim
R_I: 0.006144021861101051
R_D: 0.03625276177583278
A_I: 2.4026367617751188
A_D: 1.4254095452962414
SEED: 321585