Model: sim
Root_length: 150
R_ID: 0.054356275221445885
A_ID: 2.4602126654280347
SEED: 579796