Model: sim
Root_length: 478
R_ID: 0.001476595467666102
A_ID: 1.8013955838811153
SEED: 477144