Model: sim
Root_length: 369
R_ID: 0.002964318892793034
A_ID: 1.2582585764569223
SEED: 931754