Model: sim
Root_length: 268
R_ID: 0.02945635829728338
A_ID: 2.6978587484919783
SEED: 744331