Model: rim
R_I: 0.007160539984776787
R_D: 0.012510807652281268
A_I: 2.536274732277544
A_D: 1.816234008791103
SEED: 322280