Model: sim
Root_length: 387
R_ID: 0.040590269621664087
A_ID: 2.541123998185638
SEED: 845846