Model: rim
Root_length: 81
R_I: 0.0044902612846039885
R_D: 0.03802298095370771
A_I: 1.8823943656488302
A_D: 1.0959460314163925
SEED: 731939