Model: sim
R_ID: 0.00835880575905845
A_ID: 2.5156063277598184
SEED: 748393