Model: rim
Root_length: 396
R_I: 0.016504514842216877
R_D: 0.042116891791077915
A_I: 1.1494881026164243
A_D: 1.1246295568631857
SEED: 426400