Model: rim
Root_length: 169
R_I: 0.008028804919703408
R_D: 0.008613766646637773
A_I: 1.736310504929989
A_D: 1.9335536662917447
SEED: 28471