Model: rim
Root_length: 1059
R_I: 0.010018322424418144
R_D: 0.006838369977874893
A_I: 1.077002760057612
A_D: 1.0289645688478009
SEED: 736183