Model: rim
Root_length: 452
R_I: 0.004040633656053324
R_D: 0.026846599698173282
A_I: 1.693575645377392
A_D: 1.4099715182878767
SEED: 379749