Model: rim
Root_length: 1059
R_I: 0.005009161212209072
R_D: 0.0034191849889374467
A_I: 1.077002760057612
A_D: 1.0289645688478009
SEED: 736183