Model: sim
Root_length: 274
R_ID: 0.004315420072241588
A_ID: 1.3549465105982523
SEED: 83205