Model: rim
Root_length: 479
R_I: 0.010446359080541761
R_D: 0.007578274347823584
A_I: 2.551329231707597
A_D: 2.040140355420987
SEED: 958401