Model: rim
R_I: 0.0005929449200616414
R_D: 0.0013434966749818133
A_I: 2.1416006190136088
A_D: 1.5758310590546727
SEED: 15388