Model: rim
Root_length: 111
R_I: 0.0005214659939017079
R_D: 0.0014661810026673698
A_I: 1.6765786982436046
A_D: 2.540589983570672
SEED: 44719