Model: sim
Root_length: 169
R_ID: 0.045274084411402515
A_ID: 1.571642487453123
SEED: 540488