Model: rim
Root_length: 540
R_I: 0.0411979681692598
R_D: 0.006980149255011753
A_I: 1.8926429892145171
A_D: 1.9739098617523356
SEED: 207182