Model: sim
Root_length: 1098
R_ID: 0.001122973625509663
A_ID: 1.8139970387500122
SEED: 377901