Model: sim
Root_length: 533
R_ID: 0.00559960755521876
A_ID: 2.0886543364406727
SEED: 953539