Model: rim
R_I: 0.0009807831771542087
R_D: 0.0003439665698315502
A_I: 2.158308800325273
A_D: 2.672949211393429
SEED: 151201