Model: rim
Root_length: 141
R_I: 0.013651191026677598
R_D: 0.020172837409306872
A_I: 1.1784458438821162
A_D: 1.696581192143753
SEED: 322949