Model: sim
Root_length: 166
R_ID: 0.004038634433498772
A_ID: 1.1281298331272105
SEED: 454959