Model: sim
Root_length: 550
R_ID: 0.010573697763371928
A_ID: 1.4735105778602504
SEED: 561125