Model: sim
Root_length: 181
R_ID: 0.01242013047445617
A_ID: 2.2023505505167056
SEED: 162874