Model: sim
R_ID: 0.06871850081246662
A_ID: 1.759133410185584
SEED: 873213