Model: rim
Root_length: 408
R_I: 0.02885411610347522
R_D: 0.055728950108144666
A_I: 1.7416363533010517
A_D: 1.4612843491959127
SEED: 546163