Model: rim
Root_length: 338
R_I: 0.01634254702820703
R_D: 0.020721042660556126
A_I: 1.8815966374053414
A_D: 1.050035854578837
SEED: 536526