Model: sim
Root_length: 209
R_ID: 0.03254678835562938
A_ID: 1.200252808593717
SEED: 428482