Model: SIM
R_ID: 0.05123455356577935
A_ID: 1.3642586298523858