Model: rim
R_I: 0.0006197511839732446
R_D: 0.0017464052462254792
A_I: 1.9435817499844954
A_D: 1.7030272602258405
SEED: 81600