Model: sim
Root_length: 422
R_ID: 0.0011389626464146413
A_ID: 2.189404007778683
SEED: 435897