Model: sim
Root_length: 494
R_ID: 0.0012904415085877108
A_ID: 2.048335284016207
SEED: 816055