Model: rim
Root_length: 316
R_I: 0.005824717224011992
R_D: 0.0031161224151509794
A_I: 2.2435847417780534
A_D: 2.628042696067175
SEED: 424935