Model: RIM
Root_length: 165
R_I: 0.010638957265213694
R_D: 0.01023934989019721
A_I: 1.5598750577733946
A_D: 1.576427448183116