Model: sim
Root_length: 338
R_ID: 0.008727222952979381
A_ID: 1.6961885720490302
SEED: 656593