Model: sim
Root_length: 259
R_ID: 0.01491412813942441
A_ID: 1.7277329843566074
SEED: 738107