Model: sim
R_ID: 0.00694209199436867
A_ID: 2.483346014218013
SEED: 414365