Model: sim
Root_length: 95
R_ID: 0.015257663728678445
A_ID: 2.3587280841935607
SEED: 394916