Model: sim
Root_length: 163
R_ID: 0.012186375588455664
A_ID: 1.6182813111564065
SEED: 579785