Model: sim
Root_length: 319
R_ID: 0.037308313489325784
A_ID: 1.3610601897839132
SEED: 947225