Model: rim
Root_length: 133
R_I: 0.007977908129204623
R_D: 0.0023965203290942554
A_I: 1.1838365359729266
A_D: 1.0985293881956775
SEED: 461714