Model: rim
Root_length: 260
R_I: 0.0032933817083997314
R_D: 0.014661361270430393
A_I: 1.2124599324033432
A_D: 1.5608119503125293
SEED: 546698