Model: rim
Root_length: 260
R_I: 0.006586763416799463
R_D: 0.029322722540860786
A_I: 1.2124599324033432
A_D: 1.5608119503125293
SEED: 546698