Model: RIM
Root_length: 325
R_I: 0.0051286269969612885
R_D: 0.001685700582533463
A_I: 1.4384217546579792
A_D: 1.4822886291909436