Model: rim
Root_length: 328
R_I: 0.004155810529098968
R_D: 0.006325312618704017
A_I: 1.4591417502354316
A_D: 1.6335817653339872
SEED: 906009