Model: rim
Root_length: 337
R_I: 0.017595982601266727
R_D: 0.004612824363018059
A_I: 2.3205161472761704
A_D: 1.492793643295733
SEED: 744748