Model: sim
Root_length: 174
R_ID: 0.024174294312556417
A_ID: 1.6534760131760318
SEED: 415346