Model: sim
Root_length: 434
R_ID: 0.0013489966237899842
A_ID: 2.249968594254166
SEED: 338018