Model: sim
R_ID: 0.002704728099263526
A_ID: 1.4714857967462593
SEED: 89263