Model: sim
Root_length: 129
R_ID: 0.07024944878136952
A_ID: 1.9072378958508103
SEED: 507951