Model: sim
Root_length: 214
R_ID: 0.053034948800944504
A_ID: 2.4220543957945595
SEED: 651675