Model: rim
Root_length: 360
R_I: 0.0003026358145621752
R_D: 0.0007665448369590072
A_I: 1.843154744954827
A_D: 1.1003533085112787
SEED: 4990