Model: sim
R_ID: 0.006443907610280438
A_ID: 1.8199489623417195
SEED: 251358