Model: rim
Root_length: 204
R_I: 0.010112646076068075
R_D: 0.0010944273397841338
A_I: 1.7392259218010522
A_D: 1.7280961730068554
SEED: 128650