Model: RIM
Root_length: 134
R_I: 0.004309570652839936
R_D: 0.009623602105096652
A_I: 1.5334645530700768
A_D: 1.6128209831095746