Model: rim
Root_length: 139
R_I: 0.007778175187242847
R_D: 0.01640193448531693
A_I: 1.0052527760261214
A_D: 1.583347244371009
SEED: 172535