Model: RIM
Root_length: 339
R_I: 0.008158221327655485
R_D: 0.028496722285859925
A_I: 1.5660745643896545
A_D: 1.3680225482297734