Model: rim
Root_length: 782
R_I: 0.082484447240513
R_D: 0.011597773007962765
A_I: 1.9136581848899872
A_D: 1.6414645614343089
SEED: 209914