Model: sim
Root_length: 536
R_ID: 0.0014175935179574378
A_ID: 1.2987145869610721
SEED: 563626