Model: rim
Root_length: 335
R_I: 0.00030046644199366616
R_D: 0.0014633552096450714
A_I: 2.2296872646311554
A_D: 2.1584291436104106
SEED: 733523