Model: sim
R_ID: 0.013195961495734699
A_ID: 1.3152787468636884
SEED: 355813