Model: rim
Root_length: 133
R_I: 0.001999410594374317
R_D: 0.0006006120975602401
A_I: 1.358940342842207
A_D: 1.209465920382571
SEED: 461714