Model: sim
Root_length: 997
R_ID: 0.036395784319116165
A_ID: 1.3158180772851213
SEED: 662708