Model: sim
Root_length: 220
R_ID: 0.04315684267918817
A_ID: 1.612978321990154
SEED: 698623