Model: rim
Root_length: 170
R_I: 0.00025560530081159195
R_D: 0.0008395259241442003
A_I: 1.194420807802645
A_D: 1.2785234634141356
SEED: 208780