Model: RIM
Root_length: 151
R_I: 0.003159791747095214
R_D: 0.0025135069537377086
A_I: 1.694170047655772
A_D: 1.4671848495317608