Model: rim
Root_length: 787
R_I: 0.019501986429286182
R_D: 0.002712589650019891
A_I: 1.9812891564166994
A_D: 1.9261048440590032
SEED: 617022