Model: rim
Root_length: 650
R_I: 0.01150784883989786
R_D: 0.026565263171751764
A_I: 1.094451644827402
A_D: 1.7772427050228377
SEED: 926033