Model: sim
Root_length: 198
R_ID: 0.002497697256311015
A_ID: 1.4383955398060795
SEED: 37276