Model: rim
Root_length: 344
R_I: 0.0005977008127653191
R_D: 0.0037413978225411815
A_I: 2.73522116692612
A_D: 2.728354003563302
SEED: 575597