Model: rim
Root_length: 153
R_I: 0.05474175007980654
R_D: 0.028816981640157
A_I: 1.9252814729479393
A_D: 2.030167681500795
SEED: 508410