Model: rim
R_I: 0.042520827808021196
R_D: 0.044158828768231524
A_I: 2.327691195688323
A_D: 1.1799250685110616
SEED: 17977