Model: rim
Root_length: 254
R_I: 0.004721534057874565
R_D: 0.02145791976880102
A_I: 1.7611714240425416
A_D: 1.9742110092527565
SEED: 188815