Model: rim
R_I: 0.00029235301943638953
R_D: 0.0023217068169878717
A_I: 2.364761172367592
A_D: 2.356608967321196
SEED: 924811