Model: sim
Root_length: 176
R_ID: 0.009618668737667521
A_ID: 2.7752390285466744
SEED: 888927