Model: sim
Root_length: 293
R_ID: 0.020311540904367025
A_ID: 2.0324125797384682
SEED: 305775