Model: sim
Root_length: 344
R_ID: 0.02320828425868602
A_ID: 1.674212915250319
SEED: 709121