Model: rim
Root_length: 535
R_I: 0.014109705851847437
R_D: 0.07477377295704532
A_I: 1.0440126576196629
A_D: 1.20156148087824
SEED: 710743