Model: rim
Root_length: 946
R_I: 0.0008072419535282934
R_D: 0.003578604029487031
A_I: 1.8562349009427006
A_D: 1.0233600929468396
SEED: 417659