Model: sim
Root_length: 387
R_ID: 0.015125795245823182
A_ID: 1.3874414755029458
SEED: 261060