Model: sim
Root_length: 172
R_ID: 0.0030326106375832907
A_ID: 2.146126187568452
SEED: 50584