Model: rim
R_I: 0.0034519924145958118
R_D: 0.0037191668003815513
A_I: 2.1961778408604626
A_D: 1.5875064784601056
SEED: 779208