Model: sim
Root_length: 493
R_ID: 0.0013314854832194253
A_ID: 1.853438645496632
SEED: 429579