Model: rim
Root_length: 93
R_I: 0.00476144764420985
R_D: 0.0247103996782127
A_I: 1.5582627670204554
A_D: 1.684981775977748
SEED: 577312