Model: rim
Root_length: 143
R_I: 0.036568726993703296
R_D: 0.044273826578608566
A_I: 1.3140825141002006
A_D: 1.5933268601236144
SEED: 435405