Model: sim
R_ID: 0.008632975103454694
A_ID: 1.879795440919239
SEED: 159540