Model: rim
Root_length: 391
R_I: 0.00013033554244858765
R_D: 0.001045784387914941
A_I: 2.468614340691678
A_D: 1.625437288042148
SEED: 12126