Model: rim
Root_length: 373
R_I: 0.03142758957185915
R_D: 0.004869316473963159
A_I: 2.3914033284323044
A_D: 2.7042335629953653
SEED: 446177