Model: sim
Root_length: 548
R_ID: 0.012899045825836591
A_ID: 1.698857376690254
SEED: 876796