Model: SIM
Root_length: 318
R_ID: 0.02705507432021324
A_ID: 1.200873095090961