Model: sim
Root_length: 307
R_ID: 0.025578083121212198
A_ID: 1.0661160776146152
SEED: 669373