Model: sim
Root_length: 679
R_ID: 0.01114328914874733
A_ID: 1.6835258583533796
SEED: 105350