Model: sim
Root_length: 133
R_ID: 0.043094808766230674
A_ID: 1.6969530678013198
SEED: 299686