Model: RIM
Root_length: 168
R_I: 0.0017640306884402698
R_D: 0.004641620818911657
A_I: 1.5393983902149564
A_D: 1.5234170458316967