Model: sim
Root_length: 1044
R_ID: 0.0012030984520389671
A_ID: 1.0903255226430946
SEED: 55890