Model: rim
Root_length: 226
R_I: 0.010123663235786621
R_D: 0.02263321932411047
A_I: 1.7942122321512484
A_D: 1.8964062693899644
SEED: 503462