Model: SIM
Root_length: 455
R_ID: 0.028263948570521377
A_ID: 1.436401361037552