Model: sim
Root_length: 465
R_ID: 0.027156404838513972
A_ID: 1.3285868979492743
SEED: 625762