Model: rim
Root_length: 262
R_I: 0.0031118241470297022
R_D: 0.0014351482073496511
A_I: 1.251713658925941
A_D: 1.5707268030492094
SEED: 628004