Model: sim
Root_length: 250
R_ID: 0.004141286368397968
A_ID: 1.971496467442702
SEED: 196031