Model: sim
Root_length: 565
R_ID: 0.043761757507121024
A_ID: 1.7186925931074306
SEED: 345336