Model: sim
Root_length: 250
R_ID: 0.008282572736795935
A_ID: 1.971496467442702
SEED: 196031