Model: sim
Root_length: 726
R_ID: 0.008488422514438375
A_ID: 1.0382266258892474
SEED: 715677