Model: sim
Root_length: 1061
R_ID: 0.026946040308010136
A_ID: 1.0165526533926537
SEED: 423038