Model: rim
Root_length: 277
R_I: 0.0045013751516815624
R_D: 0.043768136549317826
A_I: 1.4989356117431247
A_D: 1.7600089372870567
SEED: 946939