Model: sim
Root_length: 260
R_ID: 0.007075558539012206
A_ID: 1.6976945513845467
SEED: 37244