Model: sim
Root_length: 86
R_ID: 0.002924224343377943
A_ID: 1.542098681732615
SEED: 881075