Model: sim
R_ID: 0.07394508425553538
A_ID: 1.3433007499079455
SEED: 374653