Model: rim
Root_length: 458
R_I: 0.015269206044296602
R_D: 0.0839354047629662
A_I: 1.1269548425241775
A_D: 2.016938477123605
SEED: 30879