Model: RIM
Root_length: 256
R_I: 0.005978902380775356
R_D: 0.007747818863244393
A_I: 1.709757086869456
A_D: 1.3991697311998337