Model: sim
Root_length: 427
R_ID: 0.003460243999869281
A_ID: 1.3373741619309574
SEED: 398975