Model: sim
Root_length: 423
R_ID: 0.040377713529306
A_ID: 1.588955579823458
SEED: 731573