Model: rim
Root_length: 460
R_I: 0.008976785203747508
R_D: 0.022359483104878935
A_I: 1.5639908654634334
A_D: 1.55031378508541
SEED: 676007