Model: rim
Root_length: 816
R_I: 0.008752326364158635
R_D: 0.00803822665404923
A_I: 1.4040247578823892
A_D: 1.5673930708021615
SEED: 446613