Model: rim
Root_length: 460
R_I: 0.017953570407495015
R_D: 0.04471896620975787
A_I: 1.5639908654634334
A_D: 1.55031378508541
SEED: 676007