Model: rim
Root_length: 254
R_I: 0.013591834303269199
R_D: 0.00204264124420469
A_I: 1.1345936779159762
A_D: 1.311032869548113
SEED: 705470