Model: rim
Root_length: 254
R_I: 0.027183668606538397
R_D: 0.00408528248840938
A_I: 1.1345936779159762
A_D: 1.311032869548113
SEED: 705470