Model: rim
Root_length: 378
R_I: 0.03610668208932057
R_D: 0.004287398186242024
A_I: 1.5515204794729816
A_D: 1.4704144807101305
SEED: 977112