Model: SIM
Root_length: 470
R_ID: 0.04135350899616716
A_ID: 1.066407534207415