Model: sim
Root_length: 106
R_ID: 0.005567023477042521
A_ID: 1.6156428350011982
SEED: 548668