Model: sim
Root_length: 517
R_ID: 0.0015772694649237395
A_ID: 2.507192169296732
SEED: 485694