Model: rim
Root_length: 486
R_I: 0.04316748271526642
R_D: 0.006974310605915789
A_I: 1.8861056674419328
A_D: 1.9538119735037762
SEED: 370606