Model: sim
R_ID: 0.0030936696978033367
A_ID: 1.6570974178741325
SEED: 21815