Model: rim
Root_length: 410
R_I: 0.0047046254534002935
R_D: 0.0019191354508943422
A_I: 1.1002777889007573
A_D: 1.9438852233323587
SEED: 405241