Model: SIM
Root_length: 255
R_ID: 0.0339379574441179
A_ID: 1.8474609853771429