Model: sim
Root_length: 268
R_ID: 0.036729476345119715
A_ID: 1.9479760349784332
SEED: 744331