Model: rim
Root_length: 409
R_I: 0.003099049665920467
R_D: 0.012417808888616618
A_I: 1.7686042172371073
A_D: 1.8495843498286262
SEED: 110914