Model: rim
Root_length: 120
R_I: 0.008543524522565411
R_D: 0.01979512140351727
A_I: 1.3267250331098321
A_D: 1.8603111890632542
SEED: 239107