Model: rim
R_I: 0.0022114482841959254
R_D: 0.0022692600961142545
A_I: 2.55300677489961
A_D: 2.06954861910353
SEED: 574268