Model: rim
Root_length: 262
R_I: 0.0022650443578581744
R_D: 0.0005841562095511997
A_I: 1.2826659412836174
A_D: 2.107453593272983
SEED: 378478