Model: sim
Root_length: 367
R_ID: 0.0020752930818277926
A_ID: 1.7815244251681692
SEED: 945227