Model: rim
Root_length: 238
R_I: 0.005973920103429613
R_D: 0.05092355271014759
A_I: 2.779088755273993
A_D: 2.0509509523102905
SEED: 809975