Model: rim
Root_length: 499
R_I: 0.006255067934170107
R_D: 0.0318099751473665
A_I: 1.4392608341494104
A_D: 1.2749643338972685
SEED: 477581