Model: sim
Root_length: 405
R_ID: 0.0011027903088510196
A_ID: 2.5406792970359318
SEED: 266537