Model: rim
Root_length: 338
R_I: 0.013394171382343618
R_D: 0.01698273813361586
A_I: 2.5815493608968794
A_D: 1.1244959838734838
SEED: 536526