Model: sim
R_ID: 0.002966865794210106
A_ID: 1.6810966288853657
SEED: 160981