Model: rim
Root_length: 200
R_I: 0.005465792228767545
R_D: 0.008480679728634774
A_I: 1.539122323831499
A_D: 2.590066475922412
SEED: 323442