Model: sim
Root_length: 947
R_ID: 0.010839811207179084
A_ID: 1.2336024758420605
SEED: 143045