Model: sim
Root_length: 192
R_ID: 0.019964159218654562
A_ID: 1.222660262463644
SEED: 856721