Model: sim
Root_length: 521
R_ID: 0.0022578529782062606
A_ID: 1.6534253983788343
SEED: 159311