Model: sim
Root_length: 347
R_ID: 0.0064815240967933865
A_ID: 2.7638382817376628
SEED: 302102