Model: sim
R_ID: 0.05385827108586158
A_ID: 2.1261842940850912
SEED: 827674