Model: rim
Root_length: 320
R_I: 0.0013605200315016056
R_D: 0.0009484169414649894
A_I: 1.389016709195026
A_D: 2.3050443335790654
SEED: 2024