Model: rim
R_I: 0.017637730732377427
R_D: 0.007259447202496854
A_I: 2.0835559993158235
A_D: 2.5962513171753687
SEED: 60720