Model: sim
Root_length: 172
R_ID: 0.02695709765158871
A_ID: 2.44567379331688
SEED: 981850