Model: rim
Root_length: 524
R_I: 0.004369118695460497
R_D: 0.004188614000128239
A_I: 1.6770350070577993
A_D: 2.341179195069895
SEED: 925697