Model: sim
Root_length: 406
R_ID: 0.07824417294488703
A_ID: 1.433209139015289
SEED: 495983