Model: rim
R_I: 0.00048041714387888094
R_D: 0.0005319915235372176
A_I: 1.310059447342703
A_D: 2.7550003656553326
SEED: 570266