Model: rim
Root_length: 107
R_I: 0.007404845922721368
R_D: 0.028760081923460457
A_I: 1.423248893478294
A_D: 2.7472087910095877
SEED: 862163