Model: sim
Root_length: 215
R_ID: 0.001266436656217369
A_ID: 2.6007402711297702
SEED: 694331