Model: rim
Root_length: 282
R_I: 0.0025813998531674445
R_D: 0.005581854413210345
A_I: 2.3006191276860632
A_D: 2.433784913815159
SEED: 982756