Model: rim
Root_length: 550
R_I: 0.019266761520403422
R_D: 0.0027246166023619936
A_I: 1.5537295638722877
A_D: 1.5217263674599861
SEED: 743758