Model: rim
Root_length: 550
R_I: 0.038533523040806844
R_D: 0.005449233204723987
A_I: 1.5537295638722877
A_D: 1.5217263674599861
SEED: 743758