Model: RIM
Root_length: 249
R_I: 0.01655260059846827
R_D: 0.011114881549136394
A_I: 1.5258927910212834
A_D: 1.530898225836966