Model: rim
Root_length: 813
R_I: 0.0020780612646969267
R_D: 0.00178311043296945
A_I: 1.0794117191211698
A_D: 1.2588010616468175
SEED: 867917