Model: rim
Root_length: 403
R_I: 0.022697230295694225
R_D: 0.006067237308809474
A_I: 1.8155362886362947
A_D: 1.527993607682232
SEED: 757807