Model: rim
Root_length: 193
R_I: 0.0010984309050015254
R_D: 0.0063954360811859946
A_I: 1.01012927410805
A_D: 1.127014808000201
SEED: 795717