Model: rim
R_I: 0.023403796715479958
R_D: 0.008148793846133194
A_I: 2.5571395109146433
A_D: 1.6504954029058736
SEED: 555688