Model: sim
Root_length: 176
R_ID: 0.0027093419742451772
A_ID: 1.557500830601958
SEED: 543629