Model: sim
Root_length: 185
R_ID: 0.0066750025394264455
A_ID: 2.2354946337195303
SEED: 632554