Model: rim
Root_length: 153
R_I: 0.002919848327578148
R_D: 0.012103149130346226
A_I: 1.7573794411619725
A_D: 1.2760846202297096
SEED: 296697