Model: sim
Root_length: 487
R_ID: 0.04213581840470551
A_ID: 1.0076284086308358
SEED: 488378