Model: rim
Root_length: 292
R_I: 0.0013470920837923162
R_D: 0.0023165731641530455
A_I: 2.5697606453133686
A_D: 1.3308692121206367
SEED: 774164