Model: sim
Root_length: 402
R_ID: 0.02098599977602738
A_ID: 1.2692125353493293
SEED: 112510