Model: sim
Root_length: 377
R_ID: 0.010426254143335673
A_ID: 1.5697854426907283
SEED: 796569