Model: rim
R_I: 0.0016596667989650883
R_D: 0.006370467259150517
A_I: 1.7536812667747
A_D: 1.4224038575567168
SEED: 503490