Model: SIM
Root_length: 230
R_ID: 0.026319253358312655
A_ID: 1.3393258962801402