Model: sim
Root_length: 648
R_ID: 0.03202639044044652
A_ID: 1.777084784851672
SEED: 124807