Model: SIM
Root_length: 138
R_ID: 0.031606215548701744
A_ID: 1.620247163526638