Model: sim
Root_length: 282
R_ID: 0.007418711150092464
A_ID: 1.9148864023378431
SEED: 173852