Model: sim
Root_length: 183
R_ID: 0.0322174416200229
A_ID: 1.0883538238139292
SEED: 531824