Model: rim
Root_length: 282
R_I: 0.007208779041426876
R_D: 0.015587804057892599
A_I: 1.7212658160831604
A_D: 1.7972653965415224
SEED: 982756