Model: sim
R_ID: 0.01053254431165006
A_ID: 1.0644576166169477
SEED: 81024