Model: rim
Root_length: 315
R_I: 0.0005788767149009251
R_D: 0.0008447656888447417
A_I: 2.594581158384421
A_D: 1.6085374577773428
SEED: 206418