Model: sim
Root_length: 332
R_ID: 0.07852213237528069
A_ID: 1.6868543520593078
SEED: 903840