Model: rim
Root_length: 120
R_I: 0.004100188397657346
R_D: 0.009500028576560881
A_I: 1.6093082913924739
A_D: 2.544253188411595
SEED: 239107