Model: sim
Root_length: 344
R_ID: 0.04351298692761876
A_ID: 1.0307906168856813
SEED: 653429