Model: sim
Root_length: 344
R_ID: 0.02175649346380938
A_ID: 1.0307906168856813
SEED: 653429