Model: rim
Root_length: 434
R_I: 0.03985838323488784
R_D: 0.012142244879615006
A_I: 1.0391282857238924
A_D: 1.9766017805064964
SEED: 455542