Model: rim
Root_length: 105
R_I: 0.02177392702815628
R_D: 0.004488111623937767
A_I: 1.6497813295262862
A_D: 2.196783449871787
SEED: 602294