Model: rim
R_I: 0.0009663959310633453
R_D: 0.00039942849575336085
A_I: 2.379632965395368
A_D: 1.6223270628894573
SEED: 575790