Model: rim
Root_length: 101
R_I: 0.0024044122669499186
R_D: 0.0007358697473379023
A_I: 1.1127451070011307
A_D: 2.297032787287783
SEED: 893598