Model: RIM
Root_length: 141
R_I: 0.014910105483829695
R_D: 0.024144900642928405
A_I: 1.704990959184345
A_D: 1.3696211377943763