Model: rim
Root_length: 725
R_I: 0.023068914899088865
R_D: 0.010523347933154386
A_I: 1.3165853782267374
A_D: 1.8000569228644896
SEED: 183340