Model: rim
Root_length: 725
R_I: 0.011534457449544433
R_D: 0.005261673966577193
A_I: 1.3165853782267374
A_D: 1.8000569228644896
SEED: 183340