Model: rim
Root_length: 355
R_I: 0.00015459626823204772
R_D: 0.0010448010123463647
A_I: 1.0805256798209601
A_D: 1.857551472394261
SEED: 32032