Model: rim
Root_length: 522
R_I: 0.022336274619436998
R_D: 0.0036279122657614173
A_I: 1.5339950296678624
A_D: 1.6068747376466788
SEED: 701405