Model: rim
Root_length: 168
R_I: 0.0554629833054012
R_D: 0.02637240753051509
A_I: 1.6010085631296187
A_D: 1.813427543694664
SEED: 508417