Model: rim
Root_length: 257
R_I: 0.002437758017412961
R_D: 0.02083908240271484
A_I: 1.3847506424305671
A_D: 1.9940603246614121
SEED: 447120