Model: rim
Root_length: 436
R_I: 0.055864969087145125
R_D: 0.0381958831925847
A_I: 2.4742947064100855
A_D: 1.3747925122791742
SEED: 926605