Model: sim
Root_length: 442
R_ID: 0.0010057762295833457
A_ID: 1.5899215703987646
SEED: 199789