Model: sim
R_ID: 0.004341973076800147
A_ID: 1.9915783760457328
SEED: 505165