Model: sim
Root_length: 463
R_ID: 0.06260658010648841
A_ID: 1.3186422476263524
SEED: 27565