Model: RIM
Root_length: 147
R_I: 0.02351848900767013
R_D: 0.009450246971203143
A_I: 1.606199007759839
A_D: 1.5681108488714808