Model: sim
Root_length: 188
R_ID: 0.034245144359314326
A_ID: 1.6921470537228729
SEED: 583615