Model: sim
Root_length: 820
R_ID: 0.003006422473896847
A_ID: 1.0084014846658778
SEED: 114001