Model: SIM
Root_length: 121
R_ID: 0.028868382186115715
A_ID: 1.4478746346001001