Model: rim
Root_length: 861
R_I: 0.0003174049501368324
R_D: 0.0024089730675218163
A_I: 1.4992833951919637
A_D: 1.4343188334917785
SEED: 271311