Model: rim
Root_length: 807
R_I: 0.007595525780936365
R_D: 0.009982682491385259
A_I: 1.332789434046913
A_D: 1.9427979780736244
SEED: 171513